99.8436
101.236
101.03
98.9332
99.6335
98.134
100.425
100.547
98.1588
100.488
100.173
97.4829
99.8108
97.9301
99.8451
98.0275
98.5481
100.164
99.8065
100.631
101.16
100.634
101.332
99.6148
101.396
99.3352
98.2766
98.0254
100.457
97.4748
100.648
100.168
99.4866
100.227
99.614
97.8828
99.7536
101.485
100.215
99.3064
100.831
98.852
102.52
99.6085
100.216
99.8139
99.2
103.124
100.59
100.306
99.0746
100.942
99.4938
99.0054
100.01
99.2425
100.751
99.66
100.983
99.6047
100.745
99.7141
98.8871
100.017
100.336
102.673
98.7927
99.3296
101.605
100.675
99.0728
99.5834
99.3225
101.103
100
103.503
100.407
100.759
101.526
101.08
99.8791
98.5475
101.159
99.3518
100.838
101.726
99.2284
99.3297
101.169
100.598
100.054
97.879
98.2565
98.4723
98.7797
102.491
102.546
96.9476
100.112
98.926
