91.6699
92.4351
90.9245
95.2725
92.1643
91.7399
92.0352
91.0722
91.232
91.7682
92.9728
91.858
92.1725
92.368
92.5665
92.4902
89.3288
92.4528
90.9421
92.0746
93.4692
92.5642
89.6382
91.1043
93.349
91.5849
91.9351
89.5534
90.8684
91.3387
91.5854
93.6179
92.6478
94.3607
92.2703
91.6838
93.2086
92.9575
92.1022
92.6011
91.4165
90.0307
90.4404
93.8948
89.7087
91.3237
90.9976
90.4831
92.5509
92.7509
93.6061
92.1386
95.125
93.4839
92.3181
90.1229
92.5289
91.4954
93.2368
90.4063
91.2276
94.0611
92.0036
93.8866
91.5318
93.0675
90.359
93.8339
91.5352
92.2925
91.9745
92.8281
91.2834
89.0971
91.749
93.5433
91.6965
91.7076
93.0172
92.0245
88.7077
93.8157
93.3785
92.8688
90.9817
91.1719
92.4478
91.8448
90.357
95.3138
92.387
93.9916
91.1663
91.6558
91.054
89.6485
91.086
92.7204
92.2899
92.6966
