4.8997
5.14193
4.94763
4.97942
5.00414
5.02633
5.10704
4.97429
5.01442
4.97539
5.25291
4.89371
4.86559
5.0847
5.14899
5.15985
4.83318
4.93742
5.02471
5.02251
5.07332
4.9378
4.92301
4.9416
5.03383
5.0151
5.11965
4.87169
5.16925
4.83509
5.01973
4.88371
4.92138
5.10947
4.95913
4.94554
4.85652
5.0191
4.84444
5.13284
4.97298
4.99804
5.08795
4.98129
4.855
4.97383
5.02124
5.16658
4.87925
4.99501
4.9696
4.93966
5.14407
5.0614
4.89903
4.95374
4.93435
4.99235
4.97445
5.07277
5.10716
4.89688
4.9269
5.03957
5.08071
4.93321
4.8062
5.22695
5.15459
4.91964
4.89589
4.90441
4.97153
5.12076
4.90969
4.89188
5.06036
5.07447
4.93195
4.91739
5.09334
5.10009
4.95977
5.02612
5.00987
5.08364
4.99695
5.00379
4.95793
5.00511
5.09278
5.04557
5.19284
4.98619
5.17494
5.11572
4.96603
5.03139
5.06194
5.15548
