1.48983
1.52118
1.48008
1.52492
1.47984
1.52804
1.4672
1.47296
1.52495
1.45008
1.51583
1.4976
1.51097
1.42674
1.51612
1.56561
1.54565
1.47365
1.4746
1.52039
1.49174
1.50345
1.54196
1.46737
1.55591
1.50303
1.53732
1.47637
1.4142
1.49219
1.53163
1.50818
1.51772
1.53724
1.54771
1.48758
1.48786
1.47005
1.54274
1.41381
1.54343
1.49199
1.45675
1.58322
1.52478
1.45106
1.47851
1.44584
1.4503
1.49777
1.45669
1.52244
1.44234
1.43424
1.50385
1.52261
1.48786
1.39273
1.53773
1.49
1.50083
1.54209
1.51806
1.59509
1.43368
1.5023
1.53383
1.5219
1.51172
1.42508
1.46977
1.49579
1.52505
1.49606
1.45953
1.58338
1.44744
1.5479
1.48246
1.48446
1.54049
1.50058
1.52167
1.51581
1.5061
1.50928
1.529
1.5448
1.45246
1.51115
1.55366
1.51277
1.52421
1.45236
1.56831
1.50525
1.51965
1.46525
1.61314
1.49074
