4.83387
5.0233
5.09997
5.024
4.76186
5.04712
5.13461
5.03005
5.05537
4.94898
4.93256
4.9071
5.03769
4.99008
5.15327
4.96119
5.04563
4.87682
4.87155
5.08999
4.90746
4.95281
5.04948
5.1636
4.98018
4.9399
4.99973
5.00447
4.98659
5.06559
5.1074
5.08469
4.98414
4.98642
5.00149
4.76849
4.83912
4.91057
5.08159
5.1269
4.81462
5.07164
4.97413
5.17908
5.24702
4.97926
4.89373
4.87841
5.0332
4.88434
4.96035
5.07033
5.02764
5.08767
5.18552
4.90341
4.9134
4.89126
5.18646
5.04866
5.15787
4.96871
4.91698
5.19189
5.14763
4.93404
4.89899
4.84494
4.92724
4.99465
4.97258
4.97857
5.01593
5.01581
4.89274
4.87375
5.05773
5.01375
4.95268
4.95379
4.94247
4.95296
5.14497
5.06138
4.86513
5.03009
5.05609
5.23708
4.92664
5.1889
4.92512
4.94263
5.13287
4.8591
4.93877
4.9279
4.93267
5.12306
5.00285
4.96477
