4.95015
4.94244
4.98924
4.90975
5.06623
4.98348
5.07184
4.91896
5.03928
5.09948
5.00067
5.02977
4.94306
4.91584
5.1761
5.10613
4.99634
4.83157
4.90202
4.93661
4.84314
4.84543
5.04246
4.76068
5.08962
4.93017
5.21942
4.93432
4.99415
4.92141
4.95421
5.03755
5.06586
5.02902
5.05989
4.9902
5.04201
4.97425
5.11216
4.83371
5.06218
4.92884
4.95357
4.76918
4.99589
4.84931
4.94278
5.12486
4.94599
4.93832
5.03002
4.97565
4.95465
5.1503
4.89982
4.88443
4.89745
5.03116
5.10378
5.06169
5.0987
4.96676
5.06402
4.97463
5.01952
5.03612
5.05358
5.0043
4.93275
5.12683
4.98293
5.10789
5.00304
5.24913
5.19358
4.88167
5.19599
5.02701
4.88668
5.06286
4.99852
5.07682
4.99325
4.98922
5.012
5.10774
5.20345
4.98294
5.04378
4.83412
4.92458
5.12875
5.24014
5.03829
5.05983
4.94287
5.09402
4.88112
4.83983
5.05542
