1.45044
1.45729
1.53537
1.47103
1.49946
1.41839
1.52616
1.5068
1.53028
1.49101
1.47497
1.55224
1.48995
1.47793
1.50714
1.46297
1.48054
1.4545
1.49564
1.60355
1.50054
1.50843
1.4957
1.47439
1.45088
1.56608
1.53335
1.52428
1.50835
1.45641
1.50784
1.5238
1.49051
1.53503
1.48544
1.53319
1.47736
1.45811
1.4123
1.53841
1.517
1.48751
1.49556
1.52678
1.41913
1.50019
1.4493
1.46113
1.50932
1.46551
1.46156
1.48955
1.53414
1.53581
1.50701
1.51733
1.40597
1.47571
1.51975
1.45784
1.43857
1.47875
1.48282
1.38428
1.47436
1.48494
1.52935
1.45157
1.50218
1.4728
1.50853
1.49067
1.44249
1.46533
1.53518
1.49564
1.54561
1.53997
1.47134
1.49985
1.5635
1.49649
1.50457
1.50053
1.45711
1.49997
1.47324
1.5994
1.47615
1.45349
1.47013
1.49699
1.47145
1.54348
1.48317
1.47819
1.49603
1.45906
1.48326
1.45696
