3.15856
3.0931
3.14762
3.08833
3.16456
3.19795
3.10849
3.02115
3.18471
3.11139
3.08452
3.11429
3.15856
3.11818
3.11818
3.10945
3.06279
3.18674
3.20307
3.15259
3.07503
3.10655
3.14268
3.1506
3.15159
3.14564
3.12012
3.08166
3.15956
3.1407
3.09406
3.10945
3.1211
3.10559
3.21234
3.14465
3.21854
3.05904
3.12793
3.18979
3.11139
3.12305
3.19795
3.19489
3.18471
3.14961
3.23415
3.11915
3.20307
3.07787
3.09023
3.14663
3.13087
3.09215
3.13283
3.12793
3.11624
3.14268
3.10849
3.10078
3.07882
3.12989
3.19489
3.12305
3.1211
3.17058
3.13775
3.13578
3.07503
3.15557
3.19081
3.13283
3.15159
3.20102
3.20513
3.19387
3.20718
3.11429
3.19183
3.07598
3.15259
3.19081
3.12207
3.12989
3.08642
3.24465
3.22061
3.19489
3.2113
3.1837
3.05998
3.04507
3.13873
3.07314
3.16656
3.13087
3.14663
3.2144
3.15259
3.13972
