45.1115
51.2101
54.1841
55.3257
38.4869
52.6895
50.418
53.2848
51.4162
50.3785
50.3154
51.6349
48.5628
56.2948
42.3111
45.6017
53.3858
45.3665
56.6516
40.3791
46.0357
48.0351
44.4859
43.4321
52.1285
39.5377
37.682
40.3575
37.1805
36.8812
34.1511
36.1117
35.3049
34.6866
32.6067
28.0299
27.8873
28.5627
27.1969
20.5025
20.4652
20.2678
14.7205
15.4832
10.9081
13.7758
12.0058
12.0509
11.8206
10.9667
10.4829
10.0928
10.8158
10.4382
10.6375
9.13465
9.60906
9.74086
9.69179
9.17142
9.30881
9.35978
9.17938
9.23225
9.20973
9.10273
9.16188
9.13261
9.12024
9.17925
9.11714
9.11613
9.11613
9.11714
9.10598
9.12586
9.12586
9.08565
9.10598
9.10598
9.10598
9.10598
9.10598
9.10598
9.10598
9.10598
9.10598
9.10598
9.10598
9.10598
9.10598
9.10598
9.10598
9.10598
9.10598
9.10598
9.10598
9.10598
9.10598
9.10598
9.10598
