19.8002
24.9341
22.6099
24.1026
21.5984
22.5576
22.7109
20.8101
23.9285
23.3555
21.2446
22.5555
24.4891
23.6718
21.5118
24.3831
22.4327
21.7534
24.1518
22.5576
20.5571
20.7633
19.9967
22.4038
21.0928
21.9162
21.2185
22.5114
18.2427
21.6023
18.9205
20.7274
21.596
17.9366
22.9548
21.8567
20.0457
16.7788
17.629
17.1121
17.7126
19.5832
15.1998
15.2407
14.6142
14.7404
13.4783
13.6912
10.5391
12.2773
11.3
10.9201
9.99634
9.64523
9.27523
9.80502
9.59753
8.75993
7.82698
7.9816
7.81449
8.514
7.78461
7.64666
7.33972
7.33391
7.45419
7.27318
7.30913
7.24996
7.32856
7.28884
7.21069
7.26274
7.20837
7.21223
7.23936
7.20186
7.21223
7.20186
7.21223
7.20186
7.20186
7.20186
7.20186
7.20186
7.20186
7.20186
7.20186
7.20186
7.20186
7.20186
7.20186
7.20186
7.20186
7.20186
7.20186
7.20186
7.20186
7.20186
7.20186
