38.3215	49.1436
34.0042	45.7252
30.9648	42.7334
28.4609	39.6678
26.7825	37.1704
25.7719	34.6913
23.4011	32.6728
22.5677	30.6874
20.4873	28.8353
19.8153	27.1837
19.2916	25.6641
17.7572	24.3083
17.3437	23.0059
16.2512	21.8257
16.0476	20.4843
15.8661	19.2682
13.2175	18.3999
12.4877	17.4584
12.4877	16.7089
12.0714	15.8705
12.0714	15.1833
11.8219	14.4541
11.7828	13.9663
11.5333	13.5164
11.3508	13.039
11.1445	12.7942
11.073	12.5821
10.9857	12.3971
10.9244	12.1202
10.8458	12.013
10.6796	11.8579
9.29162	11.7456
9.20847	11.68
9.1863	11.5052
9.10315	11.3957
9.10315	11.3268
9.10315	11.2212
9.10315	10.9991
9.08565	10.8664
9.08565	10.8456
9.08565	10.6866
9.0755	10.5784
9.0755	10.466
9.0755	10.391
9.0755	10.4186
9.0755	10.2711
9.0755	10.0266
9.0755	9.99653
9.0755	10.0389
9.0755	9.96954
9.0755	10.042
9.0755	10.1084
9.0755	9.9936
9.0755	10.0066
9.0755	10.0433
9.0755	9.98041
9.0755	9.99158
9.0755	9.89238
9.0755	9.86408
9.0755	9.91958
9.0755	9.97539
9.0755	9.97595
9.0755	9.9266
9.0755	9.87363
9.0755	9.88082
9.0755	9.82518
9.0755	9.86431
9.0755	9.756
9.0755	9.80953
9.0755	9.81913
9.0755	9.83155
9.0755	9.77659
9.0755	9.70818
9.0755	9.85468
9.0755	9.83299
9.0755	9.79077
9.0755	9.83332
9.0755	9.9155
9.0755	9.78443
9.0755	9.77492
9.0755	9.79399
9.0755	9.82297
9.0755	9.99006
9.0755	9.98414
9.0755	10.0709
9.0755	10.0142
9.0755	9.87224
9.0755	9.8472
9.0755	9.85737
9.0755	9.85676
9.0755	9.87455
9.0755	9.92864
9.0755	9.93197
9.0755	9.79767
9.0755	9.90786
9.0755	9.8866
9.0755	9.86605
9.0755	9.8675
9.0755	9.84637
9.0755	9.90403
9.0755	9.8178
9.0755	9.88016
9.0755	9.86653
9.0755	9.92511
9.0755	9.86317
9.0755	9.9443
9.0755	9.92491
9.0755	9.93916
9.0755	9.91627
9.0755	9.84966
9.0755	9.8822
9.0755	9.89753
9.0755	9.89703
9.0755	9.94995
9.0755	9.84771
9.0755	9.88784
9.0755	9.89578
9.0755	9.84789
9.0755	9.71233
9.0755	9.73625
9.0755	9.77208
9.0755	9.82793
9.0755	9.83356
9.0755	9.87395
9.0755	9.89582
9.0755	9.77857
9.0755	9.79632
9.0755	9.80773
9.0755	9.8086
9.0755	9.77321
9.0755	9.84894
9.0755	9.90797
9.0755	9.85355
9.0755	9.84624
9.0755	9.81117
9.0755	9.84194
9.0755	9.87004
9.0755	9.89497
9.0755	9.87797
9.0755	9.87062
9.0755	9.81652
9.0755	9.74457
9.0755	9.72931
9.0755	9.78836
9.0755	9.7616
9.0755	9.73518
9.0755	9.79451
9.0755	9.83545
9.0755	9.97488
9.0755	9.95429
9.0755	9.90145
9.0755	9.81608
9.0755	9.80418
9.0755	9.85156
9.0755	9.85945
9.0755	9.85466
9.0755	9.89994
9.0755	9.87579
9.0755	9.83548
9.0755	9.83526
9.0755	9.79092
9.0755	9.9246
9.0755	9.87636
9.0755	9.85436
9.0755	9.69822
9.0755	9.75618
8.99652	9.82121
8.99652	9.89086
8.99652	10.2189
8.99652	10.3836
8.99652	10.5713
8.99652	10.6654
8.99652	10.5938
8.99652	10.5874
8.99652	10.5212
8.99652	10.3958
8.99652	10.2851
8.99652	10.0544
8.99652	9.936
8.99652	9.91106
8.99652	9.89897
8.99652	9.8312
8.99652	9.79342
8.99652	9.78914
8.99652	9.80209
8.99652	9.79045
8.99652	9.78103
8.99652	9.72871
8.99652	9.71292
8.99652	9.70118
8.99652	9.72869
8.99652	9.72125
8.99652	9.77781
8.99652	9.69226
8.99652	9.73502
8.99652	9.74058
8.99652	9.69305
8.99652	9.70881
8.99652	9.64632
8.99652	9.68938
8.99652	9.80465
8.99652	9.84358
8.99652	9.8496
8.99652	9.83797
8.99652	9.95082
8.99652	9.90949
8.99652	9.87967
8.99652	9.76154
8.99652	9.69899
8.99652	9.64588
8.99652	9.73148
8.99652	9.77896
8.99652	9.78284
8.99652	9.81342
8.99652	9.7489
8.99652	9.71345
8.99652	9.81064
8.99652	9.73708
8.99652	9.7892
8.99652	9.75284
8.99652	9.71478
8.99652	9.70236
8.99652	9.696
8.99652	9.6022
8.99652	9.60512
8.99652	9.64953
8.99652	9.82008
8.99652	9.84333
8.99652	9.82703
8.99652	9.71912
8.99652	9.67744
8.99652	9.68214
8.99652	9.7099
8.99652	9.76325
8.99652	9.7899
8.99652	9.86218
8.99652	9.81898
8.99652	9.89843
8.99652	9.95453
8.99652	9.93215
8.99652	9.87198
8.99652	9.85393
8.99652	9.82536
8.99652	9.84529
8.99652	9.82115
8.99652	9.82452
8.99652	9.80598
8.99652	9.70078
8.99652	9.76207
8.99652	9.74293
8.99652	9.8097
8.99652	9.88311
8.99652	9.90728
8.99652	9.86907
8.99652	9.71507
8.99652	9.8252
8.99652	9.80812
8.99652	9.79159
8.99652	9.87957
8.99652	9.816
8.99652	9.77056
8.99652	9.78287
8.99652	9.7687
8.99652	9.78255
8.99652	9.74442
8.99652	9.80005
8.99652	9.77461
8.99652	9.81452
8.99652	9.80131
8.99652	9.76142
8.99652	9.76168
8.99652	9.66511
8.99652	9.70791
8.99652	9.68874
8.99652	9.63202
8.99652	9.60144
8.99652	9.79158
8.99652	9.8452
8.99652	9.82479
8.99652	9.64727
8.99652	9.67091
8.99652	9.6416
8.99652	9.72081
8.99652	9.78212
8.99652	9.75559
8.99652	9.81612
8.99652	9.83274
8.99652	9.84267
8.99652	9.76345
8.99652	9.74924
8.99652	9.77028
8.99652	9.74907
8.99652	9.8047
8.99652	9.72009
8.99652	9.74902
8.99652	9.73891
8.99652	9.72824
8.99652	9.74507
8.99652	9.78479
8.99652	9.81264
8.99652	9.83231
