5.53409
5.4177
5.51353
5.55417
5.37141
5.36562
5.54665
5.50153
5.57523
5.41651
5.47051
5.29251
5.2775
5.47797
5.42649
5.42493
5.4825
5.3682
5.42309
5.36712
5.25154
5.49204
5.47556
5.54694
5.47527
5.49838
5.47062
5.63509
5.45743
5.41626
5.443
5.31212
5.54232
5.39008
5.49303
5.6453
5.45277
5.40597
5.33974
5.5503
5.4859
5.49429
5.36733
5.41933
5.554
5.39553
5.5536
5.35064
5.57629
5.57286
5.60269
5.48643
5.4113
5.52919
5.54893
5.50424
5.35327
5.40211
5.51825
5.42101
5.43663
5.49377
5.47637
5.3082
5.58555
5.51078
5.51545
5.40881
5.46879
5.35418
5.62766
5.42864
5.57433
5.49692
5.42101
5.499
5.37549
5.47826
5.57048
5.38377
5.32276
5.38935
5.47688
5.57887
5.43915
5.55276
5.29968
5.37836
5.50857
5.33419
5.39651
5.44288
5.51308
5.39307
5.48475
5.39336
5.36022
5.58856
5.67991
5.33878
