20.6559	23.0219
18.6515	21.687
16.736	19.4178
15.5617	17.4864
14.8195	16.1239
13.9991	14.8288
12.998	14.0107
12.7492	13.2049
12.2338	12.4681
12.2338	11.8558
11.8381	11.4949
11.337	11.2447
11.0308	10.9574
10.641	10.5712
10.2673	10.1695
10.5735	9.88187
10.2673	9.57802
10.1878	9.34066
9.97488	9.24193
9.93732	9.09672
9.93732	8.99569
9.93732	8.92316
9.42904	8.77782
9.42215	8.51577
9.42904	8.49598
9.3513	8.55395
9.36424	8.51432
9.42215	8.47047
9.07593	8.15517
9.06694	8.214
8.97761	8.04753
8.65705	8.0807
8.61981	7.88839
8.61981	7.77735
8.61981	7.75978
8.61981	7.74621
8.59268	7.70862
8.59268	7.59909
8.59268	7.73931
8.59268	7.73948
8.59268	7.73058
8.59268	7.73966
8.59268	7.73966
8.59268	7.73966
8.59268	7.73966
8.59268	7.73966
8.59268	7.73966
8.59268	7.73967
8.59268	7.73967
8.59268	7.73967
8.59268	7.73967
8.59268	7.73967
8.59268	7.73967
8.59268	7.73967
8.59268	7.64668
8.59268	7.73931
8.59268	7.73894
8.59268	7.73891
8.59268	7.7391
8.59268	7.73928
8.59268	7.73912
8.59268	7.73912
8.59268	7.73912
8.59268	7.73912
8.59268	7.73928
8.59268	7.73948
8.59268	7.72995
8.59268	7.73966
8.59268	7.73966
8.59268	7.73967
8.63155	7.6489
8.59268	7.69232
8.59268	7.42558
8.59268	7.73871
8.59268	7.73908
8.59268	7.73911
8.59268	7.73912
8.59268	7.73912
8.59268	7.73912
8.59268	7.73912
8.59268	7.73936
8.59268	7.47399
8.59268	7.73931
8.59268	7.42673
8.59268	7.73499
8.59268	7.73927
8.59268	7.73929
8.59268	7.73931
8.59268	7.73931
8.59268	7.47403
8.59268	7.43227
8.59268	7.47506
8.59268	7.73931
8.59268	7.73867
8.59268	7.7322
8.59268	7.42683
8.59268	7.73934
8.59268	7.7389
8.59268	7.73911
8.59268	7.73912
8.59268	7.47695
8.59268	7.7392
8.59268	7.73874
8.59268	7.41784
8.59268	7.73894
8.59268	7.73897
8.59268	7.73897
8.59268	7.73912
8.59268	7.73931
8.59268	7.73931
8.59268	7.73894
8.59268	7.73967
8.59268	7.49378
8.59268	7.73967
8.59268	7.7262
8.59268	7.73876
8.59268	7.42644
8.59268	7.73892
8.59268	7.73911
8.59268	7.73912
8.59268	7.73926
8.59268	7.73931
8.59268	7.73931
8.59268	7.73931
8.59268	7.73931
8.59268	7.52868
8.59268	7.72643
8.59268	7.54535
8.59268	7.42795
8.59268	7.72184
8.59268	7.73907
8.59268	7.73926
8.59268	7.73929
8.59268	7.73931
8.59268	7.73931
8.59268	7.73948
8.59268	7.73931
8.59268	7.73931
8.59268	7.7386
8.59268	7.73966
8.59268	7.73966
8.59268	7.73966
8.59268	7.73966
8.59268	7.73966
8.59268	7.73967
8.59268	7.49433
8.59268	7.73915
8.59268	7.73931
8.59268	7.73893
8.59268	7.71614
8.59268	7.42676
8.59268	7.73929
8.59268	7.49616
8.59268	7.73928
8.59268	7.42737
8.59268	7.71382
8.59268	7.73911
8.59268	7.73927
8.59268	7.73931
8.59268	7.73931
8.59268	7.73948
8.59268	7.73931
8.59268	7.73808
8.59268	7.50033
8.59268	7.73967
8.59268	7.73931
8.59268	7.71085
8.59268	7.73932
8.59268	7.73932
8.59268	7.7395
8.59268	7.42854
8.59268	7.738
8.59268	7.43545
8.59268	7.73907
8.59268	7.73889
8.59268	7.73939
8.59268	7.73944
8.59268	7.73927
8.59268	7.73927
8.59268	7.47164
8.59268	7.73931
8.59268	7.42702
8.59268	7.73686
8.59268	7.73911
8.59268	7.73928
8.59268	7.73912
8.59268	7.73912
8.59268	7.73912
8.59268	7.73929
8.59268	7.73912
8.59268	7.73912
8.59268	7.73912
8.59268	7.73912
8.59268	7.73912
8.59268	7.73912
8.59268	7.73912
8.59268	7.73912
8.59268	7.73912
8.59268	7.73928
8.59268	7.73931
8.59268	7.73931
8.59268	7.73931
8.59268	7.73931
8.59268	7.73931
8.59268	7.73932
8.59268	7.73931
8.59268	7.73932
8.59268	7.73931
8.59268	7.73931
8.59268	7.47906
8.59268	7.73947
8.59268	7.72902
8.59268	7.73894
8.59268	7.42663
8.59268	7.73907
8.59268	7.7391
8.59268	7.73911
8.59268	7.73947
8.59268	7.73931
8.59268	7.48391
8.59268	7.73931
8.59268	7.41418
8.59268	7.73891
8.59268	7.73891
8.59268	7.7391
8.59268	7.73912
8.59268	7.73912
8.59268	7.73931
8.59268	7.73931
8.59268	7.73931
8.59268	7.73931
8.59268	7.4836
8.59268	7.73782
8.59268	7.42925
8.59268	7.49185
8.59268	7.73556
8.59268	7.73967
8.59268	7.73857
8.59268	7.42491
8.59268	7.73903
8.59268	7.73908
8.59268	7.73911
8.59268	7.73929
8.59268	7.73963
8.59268	7.73966
8.59268	7.73966
8.59268	7.47599
8.59268	7.73966
8.59268	7.73931
8.59268	7.73576
8.59268	7.73932
8.59268	7.7395
8.59268	7.73969
8.59268	7.73969
8.59268	7.73969
8.59268	7.73969
8.59268	7.42935
8.59268	7.73705
8.59268	7.73875
8.59268	7.73948
8.59268	7.73941
8.59268	7.73931
8.59268	7.73931
8.59268	7.73931
8.59268	7.73931
8.59268	7.73931
8.59268	7.73931
8.59268	7.48087
8.59268	7.42998
8.59268	7.73967
8.59268	7.73967
8.59268	7.48117
8.59268	7.73948
8.59268	7.73874
8.59268	7.72579
8.59268	7.73913
8.59268	7.73913
8.59268	7.73913
8.59268	7.42782
8.59268	7.73835
8.59268	7.73928
8.59268	7.73946
8.59268	7.73931
8.59268	7.73967
8.59268	7.4881
8.59268	7.73931
8.59268	7.40973
8.59268	7.73891
8.59268	7.7391
8.59268	7.73911
8.59268	7.73912
8.59268	7.73912
8.59268	7.73912
8.59268	7.73912
8.59268	7.73931
8.59268	7.49353
8.59268	7.42736
8.59268	7.73931
8.59268	7.73948
8.59268	7.73931
8.59268	7.73948
