0.39068	-0.371967	0.0997784
0.454617	0.102966	-0.438691
-0.31477	0.367446	-0.276445
-0.246007	-0.389367	-0.465324
0.32465	-0.389912	-0.498837
0.0366366	0.423116	0.0903294
-0.229206	-0.056083	0.275324
0.389012	-0.258602	0.299644
0.36975	0.102702	0.0972256
-0.485359	-0.0484986	-0.289186
0.13076	0.37006	-0.13548
0.283346	-0.117623	0.0513306
-0.180546	-0.436981	0.283319
0.47705	-0.0664841	0.182578
0.0596845	0.480408	0.380945
-0.298876	-0.263103	-0.209858
0.188477	0.264833	0.373318
-0.0995681	0.298095	-0.108354
0.31188	-0.0532617	0.286206
-0.131794	0.0928652	-0.464347
-0.222578	0.495747	-0.130186
0.1679	0.232169	-0.284185
0.415157	0.499166	-0.354711
0.170681	0.0546995	0.0542875
-0.176611	0.19186	0.177427
-0.0333229	-0.486846	-0.279969
0.312867	-0.205492	0.452752
-0.41959	0.487473	0.16914
-0.495064	0.361025	-0.205685
-0.369032	-0.386115	-0.0444514
-0.17743	-0.284082	-0.0405003
0.0644385	0.199119	-0.0167156
-0.0859519	-0.287973	-0.36308
0.191467	-0.325576	0.144192
0.431694	-0.467181	0.319517
-0.0185152	-0.251301	-0.143765
-0.356171	0.281319	0.218242
0.38272	0.257899	-0.351723
-0.45602	0.1585	0.0655657
0.0292944	0.23024	0.197438
-0.295549	-0.330837	0.147401
0.450427	-0.316992	-0.148657
-0.0356453	-0.1121	-0.494199
-0.0338093	0.0204853	0.132209
-0.0335736	0.289116	-0.301271
-0.0361385	-0.0753452	-0.219037
0.0978349	-0.125121	0.331849
-0.250016	0.11881	0.373259
-0.105518	0.38032	-0.474258
0.109595	-0.368247	-0.410637
0.324382	0.274822	-0.0973911
-0.125945	0.0924744	-0.178024
-0.353559	-0.251382	-0.392274
-0.0498576	-0.250024	0.351998
0.151378	-0.333635	0.358035
-0.122325	-0.083468	-0.0462534
-0.0309883	0.00548154	0.358763
0.25131	0.166233	-0.448512
0.147909	0.0882564	0.304732
-0.262503	0.366018	0.396231
-0.303474	-0.130646	0.0352944
0.274235	-0.225028	-0.167423
-0.381555	-0.45428	-0.317625
-0.297356	0.207735	-0.122746
-0.207519	-0.0487893	-0.332412
0.0189593	-0.46532	-0.0758148
0.208136	0.484756	0.00676551
-0.0927498	0.224939	0.386091
0.0498165	0.204005	-0.460614
-0.0109286	-0.37453	0.126561
-0.346071	-0.0472468	-0.166469
-0.350777	-0.458849	0.383537
-0.453352	0.146537	-0.243175
-0.48052	-0.0334354	0.0100858
0.08277	-0.125298	0.0638147
0.161446	-0.0394025	-0.482881
-0.307701	-0.142022	0.428481
-0.15488	-0.489625	0.0824821
0.417481	0.490403	-0.0480009
0.426737	-0.29411	-0.346683
0.293382	-0.0279245	-0.319258
0.32999	0.406641	0.445504
-0.444511	0.23153	0.420414
0.0506791	0.0678146	-0.347548
0.170524	-0.391207	-0.186283
-0.443445	-0.2173	0.273918
0.260705	0.415016	0.219957
0.166021	-0.040573	-0.111831
0.0950788	0.425942	-0.429047
0.309142	0.436949	-0.192362
-0.25148	0.0556896	0.0112512
-0.438433	0.42103	-0.489612
-0.472213	-0.234429	0.060898
-0.41028	0.420137	-0.00325286
0.234125	0.252929	0.086948
0.361642	0.177393	0.300352
-0.0750456	-0.409718	0.464681
-0.324661	0.0409098	-0.472127
-0.22996	0.322377	0.0613131
0.423188	0.325057	0.205923
-0.110301	-0.200575	0.14562
-0.470202	-0.251693	0.473073
-0.242904	0.206585	-0.35315
0.116916	-0.164334	-0.310359
-0.413041	0.0632136	0.282455
-0.495486	-0.0523133	0.425888
-0.0781664	0.378685	0.246408
0.397881	0.042416	-0.150886
