-0.262031	0.0591769	0.0202502
0.0938893	-0.497668	-0.102968
0.0825273	-0.0616625	-0.216194
0.425605	0.442209	-0.0752191
0.129839	0.401648	-0.401545
-0.223295	0.132501	0.117438
-0.155972	-0.491591	0.480739
-0.10658	0.220707	0.264139
-0.133948	0.192879	-0.377095
0.447036	-0.374392	-0.232933
-0.335687	-0.113874	-0.0467799
-0.469212	-0.469252	0.189853
-0.349048	0.0677272	0.324993
-0.477894	0.336608	-0.218771
0.408557	-0.20424	-0.21936
0.0401986	0.450933	0.235758
-0.321478	-0.146267	-0.177323
-0.373464	-0.258337	0.389071
-0.448354	0.462996	-0.413757
0.182941	0.228008	0.253496
-0.142694	0.313869	0.423194
-0.0396695	-0.270242	-0.486899
-0.0457127	0.14758	-0.0957995
0.287063	0.208411	0.205319
0.417931	-0.0243018	0.357078
-0.392862	-0.173337	-0.460498
-0.11839	-0.0280518	0.376359
-0.424568	0.22051	-0.270177
0.0405337	-0.203334	0.14382
0.120907	0.284098	0.32938
-0.428983	0.475894	0.233942
0.484145	0.351261	-0.383693
0.349337	0.358106	0.0449039
-0.30899	0.315485	-0.335275
-0.481249	-0.0423204	-0.386882
-0.086134	-0.39589	-0.152244
0.337898	0.021475	0.41694
-0.327972	-0.334435	-0.0731742
-0.414459	-0.482746	-0.335071
0.337163	-0.43191	0.237307
-0.0930913	-0.48875	0.0477439
-0.204944	0.37396	0.12623
-0.223019	0.154	-0.393381
0.321263	-0.0216992	0.251572
0.304957	0.355795	0.216135
0.327924	0.134337	0.0146714
0.249834	-0.0227437	0.33616
0.37841	0.27212	-0.00689442
0.114565	0.063705	-0.20731
0.426037	0.118922	0.483566
0.299775	-0.141953	0.268136
-0.109164	-0.29288	0.475605
-0.00578983	0.0522744	-0.293497
0.42527	-0.230524	0.220977
-0.0210484	-0.020315	0.278441
-0.195275	-0.0847359	0.419068
0.435644	-0.100068	-0.467484
0.0053414	-0.241592	-0.195132
-0.0019715	-0.140772	-0.49143
-0.429858	0.178838	0.0257533
0.486212	-0.369924	0.235775
-0.166339	0.0106849	-0.496926
-0.0805567	-0.21045	-0.228769
-0.0418584	-0.485458	-0.1859
-0.00668806	0.305011	0.0452306
0.344395	0.372622	-0.173109
-0.320588	-0.39282	0.470477
0.496457	-0.267893	0.152221
0.0516649	-0.240799	0.263692
0.0827391	0.487949	-0.343241
-0.104019	0.275438	0.192975
-0.458249	0.41698	0.484798
-0.343842	0.151702	0.0918816
-0.340218	0.16628	0.356993
0.291909	-0.0821869	0.362364
0.422295	0.196469	-0.221854
-0.00750669	-0.37753	-0.0536541
-0.258338	-0.245071	0.448967
-0.151492	-0.382626	0.400449
0.16568	-0.399625	-0.278434
-0.4475	-0.319921	0.291069
0.455493	-0.461554	-0.415623
-0.322116	0.465663	-0.451756
-0.0494071	0.487016	0.168147
-0.286797	-0.187682	-0.0571636
-0.149173	0.388178	-0.205182
-0.369575	0.0304759	0.250161
0.244119	-0.0994615	0.179377
0.287335	0.161348	-0.467474
0.451146	-0.321252	0.070408
-0.429254	0.344568	0.42965
0.0883359	0.328116	-0.202671
0.30171	-0.400941	-0.030284
0.489341	-0.364098	0.336118
-0.445565	-0.206997	0.0168587
-0.245271	0.434924	-0.220503
0.374162	-0.474321	0.0429338
-0.0235392	0.0690374	0.454301
-0.378512	0.453706	-0.263579
0.423545	-0.0092155	0.495116
0.100939	-0.246686	-0.190058
-0.000647	0.267047	-0.496111
0.347477	0.284106	0.48512
0.0507218	-0.428592	-0.0901937
0.421787	-0.12207	0.151757
0.374921	0.364234	0.487666
-0.397737	0.362268	0.266709
0.0887549	-0.180196	0.410489
