0.447808	0.28881	-0.399078
-0.402459	0.46337	-0.398086
0.457351	0.480349	-0.246008
-0.377377	0.304081	-0.223207
-0.222176	0.326874	-0.400846
-0.0537195	0.479489	-0.407967
-0.213167	0.446288	-0.21575
-0.0287529	0.302943	-0.20685
0.133634	0.286256	-0.391956
0.306773	0.467785	-0.410362
0.129559	0.467651	-0.236545
0.294822	0.281197	-0.238203
0.452481	-0.355823	-0.387653
-0.375748	-0.20499	-0.382031
0.479257	-0.180439	-0.23175
-0.353645	-0.380481	-0.260461
-0.203865	-0.378011	-0.433742
-0.0288543	-0.224809	-0.379588
-0.203094	-0.201871	-0.252327
-0.0457684	-0.394426	-0.227406
0.129646	-0.381986	-0.391779
0.261866	-0.146585	-0.378226
0.109377	-0.176249	-0.205456
0.270616	-0.35524	-0.238931
0.45835	-0.0266668	-0.395131
-0.391753	0.14668	-0.398201
0.450849	0.118162	-0.211522
-0.334693	-0.00878771	-0.203251
-0.194443	-0.0146105	-0.382862
-0.0625472	0.158844	-0.402464
-0.198367	0.156793	-0.212713
-0.0588849	-0.0415315	-0.203195
0.0806663	-0.00687349	-0.384961
0.282543	0.0972359	-0.396053
0.124955	0.141173	-0.214261
0.299498	-0.021165	-0.202274
0.459785	0.314529	-0.0723286
-0.420371	0.486048	-0.0660755
0.443775	0.447863	0.102471
-0.39548	0.289073	0.0932173
-0.203078	0.320363	-0.0490396
-0.0118984	0.458961	-0.050511
-0.196543	0.485055	0.113169
-0.0420502	0.285775	0.139993
0.130816	0.286194	-0.0453009
0.290834	0.470736	-0.0846947
0.126101	0.462594	0.1075
0.29931	0.277583	0.113009
0.439325	-0.341242	-0.0900464
-0.357804	-0.192379	-0.0753824
0.473562	-0.185103	0.0901474
-0.398256	-0.373604	0.0871778
-0.199706	-0.386232	-0.0781589
-0.0532405	-0.205509	-0.0556872
-0.181328	-0.203217	0.130292
-0.0264347	-0.372422	0.106716
0.128583	-0.358196	-0.0506668
0.269249	-0.196427	-0.0416366
0.118346	-0.174244	0.108858
0.291683	-0.369116	0.108226
0.476517	-0.0219669	-0.04853
-0.37735	0.147251	-0.0761897
0.461053	0.134059	0.105081
-0.354967	-0.0154954	0.0948575
-0.199573	-0.0266944	-0.0436996
-0.0545709	0.137138	-0.0459025
-0.223935	0.165032	0.114391
-0.0493892	-0.0211574	0.127474
0.122135	0.00518673	-0.0452903
0.299169	0.127474	-0.0502686
0.13483	0.133913	0.135657
0.297862	-0.02955	0.0939277
0.447581	0.300773	0.26778
-0.393593	0.499571	0.269772
0.458846	0.465807	0.414173
-0.374179	0.29892	0.442824
-0.221632	0.332775	0.252695
-0.0305488	0.460874	0.270403
-0.22974	0.459887	0.408025
-0.0535563	0.315854	0.437227
0.130478	0.284896	0.290618
0.291183	0.458737	0.279282
0.118768	0.447355	0.439627
0.295714	0.303407	0.423251
0.478009	-0.341311	0.271756
-0.373165	-0.185813	0.258781
0.461922	-0.214619	0.466438
-0.381419	-0.35971	0.445989
-0.194851	-0.374033	0.269864
-0.022181	-0.193005	0.28722
-0.227483	-0.196545	0.438691
-0.0187873	-0.386632	0.439734
0.133407	-0.36305	0.263119
0.304398	-0.203637	0.263515
0.136946	-0.183598	0.445062
0.279307	-0.384504	0.438223
0.464542	-0.0454031	0.287235
-0.387706	0.146301	0.278315
0.447035	0.158444	0.430413
-0.382452	-0.0288119	0.461739
-0.220858	-0.0228216	0.281766
-0.0780832	0.13091	0.284214
-0.208843	0.137613	0.431177
-0.0519914	-0.0324465	0.436174
0.134714	-0.0386285	0.278845
0.303825	0.0993941	0.265476
0.125806	0.120283	0.441154
0.317417	-0.0605181	0.422832
