-0.262066	0.0592457	0.0202145
0.0939258	-0.497683	-0.102999
0.0825067	-0.0616669	-0.216163
0.425586	0.442186	-0.0751944
0.129813	0.40166	-0.401479
-0.223273	0.132543	0.117456
-0.155969	-0.491598	0.48071
-0.106635	0.220726	0.264099
-0.133954	0.192915	-0.377123
0.447079	-0.374366	-0.232896
-0.335682	-0.113835	-0.0467108
-0.469266	-0.469312	0.189849
-0.34904	0.0677385	0.32502
-0.477871	0.336623	-0.218769
0.408553	-0.204212	-0.219369
0.0401663	0.45093	0.235754
-0.32147	-0.146284	-0.177307
-0.373541	-0.258324	0.389096
-0.448421	0.463002	-0.413749
0.182991	0.227983	0.253498
-0.14262	0.313908	0.423154
-0.0396984	-0.270241	-0.486903
-0.045654	0.147636	-0.0957719
0.286973	0.20843	0.205324
0.417926	-0.0242891	0.357054
-0.392893	-0.173333	-0.460536
-0.118353	-0.0280144	0.376344
-0.42458	0.220519	-0.27018
0.0405668	-0.203302	0.143911
0.120858	0.284128	0.329453
-0.428963	0.475936	0.233966
0.484138	0.351274	-0.383705
0.349325	0.358095	0.0448158
-0.309052	0.315474	-0.335222
-0.481191	-0.0423153	-0.386879
-0.0861107	-0.395948	-0.152179
0.337867	0.0214381	0.416933
-0.327939	-0.33453	-0.0731535
-0.414529	-0.482735	-0.335024
0.337182	-0.431886	0.237245
-0.093124	-0.488732	0.047708
-0.204964	0.373806	0.126173
-0.223002	0.153951	-0.393403
0.321303	-0.0216942	0.251584
0.304928	0.355817	0.216088
0.327911	0.134305	0.0146455
0.249843	-0.0227164	0.336106
0.378443	0.27212	-0.00689789
0.114605	0.0637064	-0.207369
0.426041	0.118903	0.483449
0.299801	-0.141986	0.268186
-0.109189	-0.29284	0.47562
-0.00574075	0.0522779	-0.293444
0.425249	-0.230525	0.220944
-0.0210179	-0.020248	0.27847
-0.195264	-0.0847229	0.418993
0.4357	-0.100051	-0.467459
0.00534228	-0.241643	-0.195133
-0.00189062	-0.140811	-0.491382
-0.429899	0.178768	0.0257673
0.486157	-0.369934	0.235746
-0.166344	0.010647	-0.496986
-0.0805869	-0.210442	-0.228706
-0.0419276	-0.485472	-0.18581
-0.00671744	0.305058	0.0451882
0.344316	0.37255	-0.173014
-0.320587	-0.392873	0.470547
0.496539	-0.267896	0.15218
0.0516347	-0.240823	0.263686
0.0826996	0.487979	-0.343163
-0.103965	0.275445	0.192899
-0.458281	0.416975	0.484841
-0.34383	0.151642	0.0919054
-0.34031	0.166296	0.356906
0.291906	-0.0821612	0.362326
0.422297	0.196459	-0.221885
-0.00744715	-0.37747	-0.0536285
-0.258363	-0.245048	0.44895
-0.151539	-0.382544	0.400471
0.165696	-0.399593	-0.27845
-0.447504	-0.319985	0.291054
0.455443	-0.461559	-0.415647
-0.322128	0.465639	-0.451742
-0.0494459	0.486989	0.168164
-0.286874	-0.187723	-0.0571569
-0.149196	0.388234	-0.205155
-0.369514	0.030467	0.250187
0.244101	-0.0995365	0.179393
0.287359	0.161293	-0.467437
0.451203	-0.321263	0.070368
-0.429188	0.344609	0.429633
0.0883741	0.328096	-0.202615
0.301743	-0.400948	-0.0302367
0.489405	-0.364	0.336068
-0.445574	-0.207012	0.0168281
-0.24515	0.434984	-0.220518
0.374153	-0.474387	0.042972
-0.0235566	0.0690628	0.454289
-0.378491	0.453702	-0.26353
0.423555	-0.00921462	0.495122
0.100937	-0.246663	-0.190054
-0.000601171	0.266997	-0.496103
0.347432	0.284112	0.485055
0.0507232	-0.428606	-0.0902345
0.421763	-0.122091	0.151721
0.374976	0.364309	0.487671
-0.397684	0.362286	0.266632
0.0887754	-0.180178	0.410499
