0.390566	-0.371973	0.099846
0.454874	0.1028	-0.438525
-0.314705	0.367429	-0.276384
-0.246102	-0.389289	-0.4654
0.324713	-0.389858	-0.498687
0.0366697	0.423218	0.0904035
-0.229213	-0.0560281	0.275156
0.389115	-0.258471	0.299749
0.369779	0.102617	0.0974887
-0.48538	-0.0484624	-0.28918
0.130625	0.370267	-0.135435
0.283194	-0.117879	0.0514539
-0.180273	-0.437019	0.283291
0.477093	-0.0666516	0.182559
0.0596862	0.480488	0.380888
-0.298788	-0.262841	-0.209875
0.188518	0.264992	0.373324
-0.0994549	0.298018	-0.108317
0.311835	-0.0530748	0.286238
-0.132021	0.0926682	-0.464208
-0.22247	0.495842	-0.130279
0.167807	0.232324	-0.284058
0.414977	0.499154	-0.354383
0.170667	0.0547824	0.0543882
-0.176739	0.191964	0.177285
-0.0331237	-0.487022	-0.280184
0.312877	-0.205626	0.452716
-0.419402	0.487371	0.169281
-0.495159	0.361038	-0.205664
-0.369266	-0.386115	-0.0443506
-0.177568	-0.284194	-0.0406015
0.0645526	0.198906	-0.0166551
-0.0862076	-0.287626	-0.362896
0.191489	-0.325427	0.14437
0.431612	-0.467151	0.319386
-0.0185643	-0.251402	-0.14364
-0.356273	0.281325	0.218286
0.382676	0.25792	-0.352007
-0.456377	0.158496	0.0655929
0.0293909	0.230406	0.197481
-0.29535	-0.330945	0.147277
0.450503	-0.317045	-0.148439
-0.0356611	-0.112186	-0.494166
-0.0340291	0.0203935	0.131989
-0.0335307	0.289253	-0.301216
-0.036197	-0.0751386	-0.219035
0.0978757	-0.125055	0.331825
-0.250093	0.118856	0.373339
-0.10539	0.380342	-0.474572
0.109773	-0.368234	-0.410604
0.324336	0.274756	-0.0975128
-0.125823	0.0924884	-0.178088
-0.353376	-0.251357	-0.392511
-0.0497141	-0.250089	0.351952
0.151442	-0.333739	0.35796
-0.122154	-0.0834286	-0.0462423
-0.0309772	0.00541353	0.358647
0.251159	0.166112	-0.44883
0.147958	0.0883588	0.304663
-0.262504	0.366203	0.395952
-0.303326	-0.130603	0.0352426
0.274283	-0.22515	-0.167383
-0.381422	-0.454187	-0.317749
-0.297492	0.207842	-0.12261
-0.207607	-0.048823	-0.332345
0.0188093	-0.465132	-0.0758326
0.208075	0.484654	0.00670515
-0.0928542	0.224864	0.385931
0.0500895	0.203804	-0.460807
-0.0110228	-0.374617	0.126649
-0.345934	-0.047184	-0.166554
-0.350596	-0.458814	0.383459
-0.453378	0.146462	-0.243237
-0.480682	-0.0335128	0.0102979
0.0826794	-0.125324	0.0637701
0.161428	-0.0394285	-0.482842
-0.307599	-0.142245	0.42884
-0.155004	-0.489415	0.0825845
0.417509	0.490472	-0.048154
0.426697	-0.294218	-0.34663
0.293304	-0.0278071	-0.31917
0.329977	0.406592	0.445555
-0.444461	0.231598	0.420398
0.0505083	0.0678448	-0.347563
0.170286	-0.391237	-0.186458
-0.44341	-0.21737	0.273925
0.260816	0.415085	0.219903
0.166255	-0.0406439	-0.111943
0.0950782	0.425734	-0.429074
0.309381	0.437056	-0.192277
-0.251439	0.0557359	0.0113398
-0.438303	0.420942	-0.489516
-0.472392	-0.234417	0.0607762
-0.41031	0.42021	-0.00326776
0.234186	0.252886	0.0871209
0.361924	0.177484	0.300374
-0.0752294	-0.409969	0.464603
-0.324572	0.0409115	-0.472139
-0.229977	0.322309	0.0613425
0.423251	0.325046	0.205891
-0.110376	-0.200674	0.145549
-0.470114	-0.25174	0.473012
-0.243263	0.206437	-0.353162
0.116801	-0.164252	-0.310426
-0.413062	0.0630796	0.28255
-0.495502	-0.0520647	0.425904
-0.07817	0.378844	0.246362
0.397881	0.0422177	-0.150608
