0.447678	0.288932	-0.399049
-0.402599	0.463412	-0.398108
0.457409	0.480138	-0.245903
-0.377486	0.304117	-0.223238
-0.222035	0.327009	-0.400838
-0.0536854	0.479479	-0.407957
-0.213107	0.446301	-0.215676
-0.0283907	0.302872	-0.206949
0.133804	0.286377	-0.391857
0.306973	0.467766	-0.410345
0.129674	0.467808	-0.236428
0.294582	0.281179	-0.238144
0.452532	-0.355725	-0.387507
-0.375776	-0.205012	-0.381986
0.479354	-0.180387	-0.231877
-0.353653	-0.380464	-0.260404
-0.203806	-0.377973	-0.433849
-0.028936	-0.224896	-0.379589
-0.203293	-0.20197	-0.252166
-0.0460365	-0.394573	-0.227231
0.129593	-0.382077	-0.391706
0.261868	-0.146712	-0.378117
0.109282	-0.17642	-0.205634
0.270636	-0.355239	-0.238855
0.45844	-0.0268533	-0.395164
-0.392009	0.146585	-0.398035
0.450771	0.118186	-0.211499
-0.334704	-0.0086216	-0.203176
-0.194258	-0.0147835	-0.382803
-0.0622957	0.158966	-0.402498
-0.198422	0.156979	-0.212764
-0.0588325	-0.0413779	-0.20321
0.0806363	-0.00670486	-0.384939
0.282828	0.097399	-0.396026
0.124816	0.141186	-0.214249
0.299588	-0.021126	-0.202192
0.459555	0.314534	-0.0725491
-0.420223	0.48612	-0.0662153
0.443722	0.447657	0.102474
-0.395554	0.289247	0.0931361
-0.203091	0.320233	-0.0491446
-0.0116121	0.45914	-0.0505139
-0.196465	0.484911	0.113224
-0.0421121	0.286012	0.139718
0.130723	0.286121	-0.0454705
0.290749	0.470745	-0.0845205
0.126012	0.462626	0.107605
0.299315	0.277325	0.112972
0.439336	-0.341046	-0.0903098
-0.357487	-0.192127	-0.0753257
0.473415	-0.185174	0.0903154
-0.398246	-0.373548	0.0873086
-0.199611	-0.386148	-0.0784302
-0.053434	-0.205423	-0.0557784
-0.181416	-0.203299	0.130474
-0.0264446	-0.372463	0.106571
0.128486	-0.358316	-0.0506458
0.269208	-0.19629	-0.0416549
0.118424	-0.174135	0.108819
0.291667	-0.369047	0.108339
0.476459	-0.0222645	-0.0485583
-0.377344	0.147167	-0.076067
0.461219	0.133983	0.105246
-0.355054	-0.0155384	0.0950383
-0.199519	-0.0266832	-0.0438656
-0.0546254	0.13695	-0.0461589
-0.223875	0.165009	0.11424
-0.0494345	-0.0211397	0.127444
0.122141	0.00517608	-0.0452351
0.299007	0.127423	-0.0502019
0.134952	0.133842	0.135692
0.297687	-0.0296226	0.093973
0.447543	0.300887	0.267786
-0.393614	0.499536	0.269879
0.45918	0.465849	0.414261
-0.374256	0.298767	0.442928
-0.221641	0.332869	0.252822
-0.0306189	0.461004	0.270149
-0.229759	0.459805	0.40797
-0.0536528	0.315736	0.437199
0.130555	0.284702	0.290548
0.291179	0.458967	0.279271
0.118948	0.447043	0.439639
0.295978	0.303375	0.423207
0.477801	-0.341454	0.271721
-0.373173	-0.185654	0.25866
0.461959	-0.2149	0.466317
-0.381576	-0.359556	0.446059
-0.194683	-0.373805	0.269852
-0.0221053	-0.192938	0.287226
-0.227414	-0.196587	0.438729
-0.0190114	-0.38676	0.439584
0.133492	-0.362866	0.263192
0.304352	-0.203695	0.263452
0.136989	-0.183531	0.445062
0.279413	-0.384608	0.43839
0.464562	-0.0450633	0.287333
-0.387692	0.146182	0.278298
0.446949	0.158415	0.43046
-0.382328	-0.0287477	0.461864
-0.220984	-0.0228268	0.281646
-0.0780856	0.131077	0.284386
-0.208889	0.137586	0.431006
-0.0521697	-0.0324933	0.436119
0.134804	-0.0387573	0.278756
0.303713	0.0993099	0.265432
0.125652	0.120428	0.441198
0.317443	-0.060599	0.422691
