-0.199397
-0.185956
-0.212292
-0.203336
-0.207702
-0.173498
-0.192318
-0.19946
-0.182767
-0.179685
-0.203915
-0.196854
-0.189624
-0.199536
-0.207627
-0.204155
-0.189899
-0.196927
-0.182573
-0.185092
-0.204668
-0.220299
-0.207641
-0.190234
-0.192896
-0.1997
-0.192574
-0.196024
-0.197875
-0.207358
-0.207683
-0.200228
-0.192794
-0.210781
-0.21137
-0.215889
-0.199023
-0.219105
-0.195386
-0.187249
-0.209663
-0.212249
-0.184858
-0.197448
-0.201891
-0.2064
-0.212307
-0.169085
-0.202934
-0.184955
-0.212214
-0.203663
-0.210221
-0.219266
-0.201617
-0.193818
-0.193919
-0.207096
-0.191372
-0.179591
-0.196399
-0.209053
-0.2169
-0.196061
-0.219299
-0.190139
-0.20226
-0.196695
-0.185798
-0.231733
-0.179629
-0.210221
-0.198407
-0.20763
-0.200792
-0.175087
-0.198744
-0.199349
-0.211352
-0.180554
-0.213632
-0.220959
-0.182369
-0.1659
-0.194461
-0.202954
-0.207452
-0.192729
-0.196803
-0.203906
-0.213464
-0.213462
-0.224437
-0.182073
-0.182758
-0.197107
-0.20976
-0.184411
-0.21235
-0.205281
