-0.430892
-0.454681
-0.442487
-0.433972
-0.443206
-0.440665
-0.457976
-0.427127
-0.434272
-0.445155
-0.437263
-0.443317
-0.443243
-0.440792
-0.430892
-0.422465
-0.439828
-0.453919
-0.438335
-0.439561
-0.455732
-0.435095
-0.447794
-0.430375
-0.43418
-0.428956
-0.443329
-0.436535
-0.44799
-0.437899
-0.445481
-0.451591
-0.441526
-0.443526
-0.438566
-0.429765
-0.453132
-0.427909
-0.441506
-0.456923
-0.446568
-0.437563
-0.44516
-0.421343
-0.437344
-0.450732
-0.428267
-0.429581
-0.425217
-0.423931
-0.41893
-0.442542
-0.438379
-0.433944
-0.443244
-0.43271
-0.439112
-0.448559
-0.421959
-0.440034
-0.432787
-0.431407
-0.442266
-0.444751
-0.438924
-0.450427
-0.440399
-0.448813
-0.444165
-0.448607
-0.445128
-0.439839
-0.433215
-0.430132
-0.458883
-0.453309
-0.442234
-0.441848
-0.449683
-0.426447
-0.465483
-0.445282
-0.440474
-0.443775
-0.449595
-0.438513
-0.44833
-0.425776
-0.455589
-0.441713
-0.434006
-0.419921
-0.446499
-0.418068
-0.43767
-0.440977
-0.452184
-0.4502
-0.452752
-0.451498
