0 0.702719 0.052414
1 0.701525 0.0524736
2 0.699809 0.0522359
3 0.698023 0.0523032
4 0.695188 0.0523374
5 0.693581 0.0522738
6 0.690832 0.0519609
7 0.689539 0.0521472
8 0.68803 0.0523225
9 0.685595 0.0521882
10 0.68348 0.052143
11 0.682677 0.0523173
12 0.680822 0.0522723
13 0.679452 0.0523661
14 0.677652 0.0523257
15 0.676608 0.0521476
16 0.67388 0.0519786
17 0.672548 0.0522835
18 0.670907 0.0522972
19 0.668114 0.0521303
20 0.6673 0.0520109
21 0.666243 0.0519764
22 0.664749 0.0518307
23 0.663881 0.0515638
24 0.661424 0.051498
25 0.659969 0.0516633
26 0.65871 0.0516003
27 0.657756 0.0513835
28 0.655609 0.0513177
29 0.654645 0.0513229
30 0.654718 0.0514528
31 0.652176 0.0516635
32 0.650375 0.0515436
33 0.647985 0.0514628
34 0.647333 0.0513705
35 0.645865 0.0515697
36 0.644126 0.0513542
37 0.643005 0.0514603
38 0.64186 0.0516764
39 0.640532 0.0515786
40 0.638789 0.0515802
41 0.637755 0.0518323
42 0.636352 0.0516743
43 0.634641 0.0515329
44 0.632903 0.0516548
45 0.63186 0.051721
46 0.630238 0.0517244
47 0.629512 0.0518223
48 0.628709 0.051785
49 0.627601 0.0517232
50 0.625762 0.0515824
51 0.625313 0.0514594
52 0.624212 0.0513641
53 0.622212 0.0514099
54 0.620599 0.0511677
55 0.620077 0.0510177
56 0.61805 0.0509947
57 0.617388 0.0508235
58 0.615453 0.0509919
59 0.614998 0.0508393
60 0.614165 0.0507309
61 0.612324 0.0505831
62 0.611745 0.0504812
63 0.611007 0.0506987
64 0.61022 0.0505116
65 0.609511 0.0501351
66 0.608957 0.0501267
67 0.607797 0.0502286
68 0.607415 0.0501417
69 0.606195 0.0501292
70 0.60552 0.0502693
71 0.604327 0.0500773
72 0.604867 0.0503895
73 0.603563 0.0502895
74 0.60435 0.050022
75 0.603752 0.0499346
76 0.601268 0.0497937
77 0.601342 0.049656
78 0.600267 0.0497756
79 0.599183 0.049597
80 0.598488 0.0495913
81 0.598364 0.0493578
82 0.596459 0.0491745
83 0.598428 0.0490971
84 0.59676 0.0492265
85 0.594865 0.0493481
86 0.594305 0.0496857
87 0.592807 0.0493626
88 0.59254 0.0493827
89 0.592201 0.0495012
90 0.590127 0.0490897
91 0.58934 0.0493405
92 0.588555 0.0495576
93 0.588246 0.0495209
94 0.586823 0.0492056
95 0.58648 0.0493046
96 0.586925 0.0492775
97 0.586039 0.0491346
98 0.585064 0.0489269
99 0.584076 0.0488989
100 0.584416 0.048948
101 0.584027 0.0488945
102 0.58416 0.049109
103 0.583333 0.0491487
104 0.582752 0.0490927
105 0.582002 0.0492162
106 0.58231 0.0492935
107 0.582605 0.0492119
108 0.582747 0.0492589
109 0.581499 0.0491121
110 0.580832 0.0490787
111 0.580991 0.0491854
112 0.582822 0.0493007
113 0.581336 0.0491717
114 0.581613 0.0492306
115 0.580971 0.0489957
116 0.581326 0.0490073
117 0.580692 0.0490966
118 0.580809 0.0489516
119 0.581131 0.0486727
120 0.582868 0.0488901
121 0.582816 0.0491048
122 0.582405 0.0490421
123 0.582592 0.0491471
124 0.582456 0.0489436
125 0.583345 0.0488626
126 0.58286 0.0485505
127 0.581927 0.0482992
128 0.581536 0.0483477
129 0.580908 0.0485433
130 0.581309 0.0487102
131 0.580875 0.0487472
132 0.580507 0.0486245
133 0.580023 0.0487404
134 0.579556 0.0488817
135 0.579688 0.0489127
136 0.579662 0.049072
137 0.579516 0.0492753
138 0.579231 0.049546
139 0.577565 0.0494229
140 0.57692 0.0493786
141 0.57682 0.0495216
142 0.576085 0.0495223
143 0.577065 0.0493742
144 0.577454 0.0492215
145 0.576631 0.0493488
146 0.577731 0.0497324
147 0.578406 0.049824
148 0.578475 0.0498721
149 0.579255 0.0498731
150 0.579843 0.049801
151 0.579361 0.049631
152 0.578974 0.0491756
153 0.578543 0.0488513
154 0.579427 0.0487483
155 0.579012 0.0489761
156 0.579416 0.0488284
157 0.579357 0.0489829
158 0.579626 0.0490627
159 0.580651 0.0490855
160 0.580234 0.0492611
161 0.581106 0.0490795
162 0.581111 0.0492272
163 0.581214 0.0494615
164 0.582255 0.0497747
165 0.582098 0.0496478
166 0.581825 0.0499054
167 0.581616 0.0499869
168 0.580557 0.0500518
169 0.580591 0.0502886
170 0.580839 0.050169
171 0.582174 0.050222
172 0.583968 0.0503062
173 0.586404 0.0503807
174 0.586357 0.0504027
175 0.587489 0.0504617
176 0.588601 0.0505079
177 0.588226 0.0505908
178 0.588299 0.0504491
179 0.587297 0.0505768
180 0.586668 0.0501802
181 0.586548 0.0502046
182 0.587474 0.0500948
183 0.588493 0.0500398
184 0.588224 0.0500573
185 0.591343 0.0501791
186 0.593126 0.0502207
187 0.591965 0.0503269
188 0.592571 0.0503688
189 0.594303 0.0503258
190 0.59403 0.0504279
191 0.594792 0.0507488
192 0.596763 0.050966
193 0.598403 0.0510298
194 0.599464 0.0509974
195 0.598928 0.0509824
196 0.600792 0.0510294
197 0.601146 0.0508514
198 0.602815 0.050694
199 0.604107 0.0508836
200 0.604714 0.0510533
201 0.60591 0.0508821
202 0.607856 0.0512184
203 0.606749 0.0512549
204 0.607217 0.0508412
205 0.608587 0.050673
206 0.609913 0.0507107
207 0.611441 0.0505947
208 0.613499 0.0505603
209 0.614308 0.0506453
210 0.615478 0.0507744
211 0.618349 0.0510375
212 0.618902 0.0515381
213 0.618822 0.05127
214 0.618534 0.0515625
215 0.619234 0.0517316
216 0.620642 0.051621
217 0.622061 0.0515815
218 0.622589 0.0513971
219 0.623847 0.051817
220 0.623487 0.0516078
221 0.625669 0.0515184
222 0.626172 0.0517265
223 0.627544 0.0520485
224 0.628723 0.0523053
225 0.630747 0.0526209
226 0.632293 0.0526126
227 0.633783 0.0527819
228 0.632727 0.0526161
229 0.633006 0.0525379
230 0.633566 0.0526068
231 0.633578 0.0525552
232 0.632999 0.052735
233 0.635305 0.0528484
234 0.637577 0.0529063
235 0.638556 0.0528469
236 0.638873 0.0529742
237 0.640254 0.0531386
238 0.640603 0.0536813
239 0.642179 0.0537353
240 0.644232 0.0537054
241 0.643702 0.0536419
242 0.646384 0.053604
243 0.647973 0.0533431
244 0.649677 0.0533861
245 0.650897 0.0532105
246 0.65285 0.0529495
247 0.654642 0.0529399
248 0.65661 0.0529188
249 0.658587 0.0531438
250 0.659281 0.052926
251 0.660807 0.0527968
252 0.661958 0.0529175
253 0.665388 0.0529777
254 0.667328 0.0534445
255 0.66954 0.0538057
256 0.669729 0.0539078
257 0.671674 0.0538621
258 0.673467 0.0541963
259 0.674664 0.0542411
260 0.675001 0.0541417
261 0.676653 0.0543069
262 0.678445 0.0541264
263 0.680521 0.0540156
264 0.682387 0.0536234
265 0.682669 0.0534082
266 0.684753 0.0535538
267 0.686063 0.0537472
268 0.689388 0.0537944
269 0.691895 0.0535527
270 0.69433 0.0535784
271 0.696423 0.0536295
272 0.697676 0.0538242
273 0.699888 0.0540689
274 0.699744 0.0539864
275 0.701617 0.0538374
276 0.703681 0.053942
277 0.705455 0.0539165
278 0.707935 0.0539908
279 0.70941 0.0538288
280 0.711826 0.0541579
281 0.713033 0.0542829
282 0.714812 0.0540593
283 0.717021 0.0541853
284 0.718153 0.0543167
285 0.719757 0.0543911
286 0.721031 0.054221
287 0.724316 0.054056
288 0.72708 0.0541388
289 0.729977 0.0541807
290 0.733029 0.0543272
291 0.735358 0.0539447
292 0.738761 0.0541756
293 0.742162 0.0542935
294 0.743919 0.0544268
295 0.746075 0.0545051
296 0.74808 0.0546252
297 0.748451 0.0544959
298 0.749372 0.0546311
299 0.752516 0.0548576
