0 -0.0864548 0.0257799
1 -0.0889988 0.0258685
2 -0.0922982 0.0255766
3 -0.0958062 0.0254112
4 -0.0999108 0.0253673
5 -0.102603 0.025281
6 -0.106634 0.0253233
7 -0.108347 0.0253951
8 -0.110939 0.0255061
9 -0.115279 0.025399
10 -0.118211 0.0252703
11 -0.120414 0.0254179
12 -0.123442 0.0255038
13 -0.125924 0.0253953
14 -0.128719 0.0252902
15 -0.130669 0.0254493
16 -0.134483 0.0251345
17 -0.136627 0.0251124
18 -0.139402 0.025366
19 -0.142212 0.0252817
20 -0.143534 0.0252246
21 -0.145542 0.0251897
22 -0.148023 0.0248776
23 -0.150464 0.0247209
24 -0.153367 0.0243917
25 -0.155531 0.0243799
26 -0.156844 0.0244379
27 -0.158377 0.0243024
28 -0.161496 0.0241554
29 -0.162472 0.0241224
30 -0.163384 0.0242186
31 -0.166575 0.0242868
32 -0.168495 0.0242872
33 -0.171724 0.024198
34 -0.172927 0.0241574
35 -0.175472 0.0242516
36 -0.177875 0.0240184
37 -0.17913 0.0240033
38 -0.181579 0.0241612
39 -0.183844 0.0239579
40 -0.186163 0.0239535
41 -0.187868 0.0241926
42 -0.189459 0.0240947
43 -0.191854 0.02402
44 -0.193803 0.023917
45 -0.195585 0.0240197
46 -0.19718 0.0240038
47 -0.198617 0.0239596
48 -0.200609 0.0238048
49 -0.202369 0.0240372
50 -0.204515 0.0239234
51 -0.205818 0.0238448
52 -0.2076 0.0238127
53 -0.209875 0.0237141
54 -0.212263 0.0234854
55 -0.212985 0.0235189
56 -0.215771 0.0235252
57 -0.216585 0.0234868
58 -0.219057 0.0235916
59 -0.219844 0.0234479
60 -0.220851 0.0234088
61 -0.222831 0.0233228
62 -0.223683 0.0232567
63 -0.2244 0.0237369
64 -0.22515 0.023302
65 -0.226126 0.0230292
66 -0.227206 0.0228681
67 -0.229099 0.0229424
68 -0.230255 0.0226537
69 -0.231197 0.0226706
70 -0.231572 0.0226938
71 -0.232717 0.0224714
72 -0.233303 0.0224783
73 -0.235002 0.0223552
74 -0.234372 0.0219572
75 -0.235465 0.022059
76 -0.237721 0.0218771
77 -0.23863 0.0216916
78 -0.239903 0.0215836
79 -0.240641 0.0214216
80 -0.241093 0.0215638
81 -0.241863 0.0213993
82 -0.24406 0.021317
83 -0.24345 0.0212612
84 -0.245327 0.0213292
85 -0.247821 0.0213714
86 -0.249071 0.0215993
87 -0.250497 0.0214298
88 -0.25155 0.0213164
89 -0.252088 0.021503
90 -0.253772 0.0212967
91 -0.255048 0.0214544
92 -0.257144 0.0214942
93 -0.258087 0.0214487
94 -0.259108 0.021258
95 -0.259649 0.0212459
96 -0.259931 0.0212956
97 -0.260788 0.0212101
98 -0.261646 0.0212409
99 -0.262961 0.0212488
100 -0.263372 0.02139
101 -0.264015 0.0214842
102 -0.264322 0.0215077
103 -0.265106 0.0216336
104 -0.265981 0.0216192
105 -0.267192 0.0217836
106 -0.26749 0.0218458
107 -0.267808 0.0216735
108 -0.268629 0.0216971
109 -0.270239 0.0215403
110 -0.270911 0.0217341
111 -0.27087 0.0218875
112 -0.269742 0.0218245
113 -0.270724 0.0216108
114 -0.27037 0.0214796
115 -0.271569 0.021147
116 -0.271653 0.0210481
117 -0.272113 0.020906
118 -0.271991 0.0207669
119 -0.271346 0.0207327
120 -0.26981 0.0207406
121 -0.269906 0.0207415
122 -0.269877 0.0208122
123 -0.26998 0.0209641
124 -0.271086 0.0208028
125 -0.270322 0.0208475
126 -0.270358 0.0208566
127 -0.2709 0.0206071
128 -0.271448 0.0203613
129 -0.272674 0.020342
130 -0.272332 0.0204983
131 -0.272737 0.0206305
132 -0.273159 0.0204501
133 -0.273284 0.0203762
134 -0.274177 0.0204656
135 -0.274452 0.0205624
136 -0.275054 0.0205695
137 -0.275639 0.0206038
138 -0.275663 0.0206722
139 -0.277175 0.0206476
140 -0.277816 0.0205096
141 -0.278197 0.0202431
142 -0.278409 0.0203086
143 -0.278088 0.0201651
144 -0.277814 0.020112
145 -0.278355 0.0203344
146 -0.277489 0.020523
147 -0.276759 0.0205702
148 -0.276489 0.0204972
149 -0.275803 0.0204244
150 -0.275667 0.0202783
151 -0.275378 0.0203406
152 -0.275065 0.0200381
153 -0.275478 0.0197604
154 -0.275025 0.0198821
155 -0.275485 0.0200442
156 -0.274649 0.0199436
157 -0.274782 0.0201435
158 -0.274495 0.0203065
159 -0.273929 0.0202999
160 -0.274355 0.0203217
161 -0.273341 0.0203017
162 -0.273248 0.0204725
163 -0.273344 0.0206157
164 -0.272365 0.0206684
165 -0.273281 0.020461
166 -0.273762 0.0205677
167 -0.274106 0.0206142
168 -0.274743 0.0205744
169 -0.274386 0.0206168
170 -0.27384 0.0204983
171 -0.273247 0.0204616
172 -0.271628 0.0207512
173 -0.269001 0.0209654
174 -0.268707 0.02078
175 -0.267351 0.0210073
176 -0.266295 0.0209863
177 -0.267038 0.0209573
178 -0.266806 0.0208283
179 -0.267756 0.020825
180 -0.267716 0.0206922
181 -0.268032 0.0207716
182 -0.267787 0.0209513
183 -0.266801 0.0208225
184 -0.266255 0.0207284
185 -0.263359 0.0209299
186 -0.262162 0.0210147
187 -0.262182 0.0210008
188 -0.260964 0.0210808
189 -0.259712 0.021079
190 -0.259435 0.0210449
191 -0.259079 0.0209274
192 -0.257521 0.0211738
193 -0.2563 0.0212831
194 -0.255056 0.0213514
195 -0.256163 0.0212177
196 -0.25463 0.0212098
197 -0.254291 0.0210545
198 -0.252721 0.0209357
199 -0.250969 0.0208536
200 -0.250519 0.0209832
201 -0.250122 0.0210437
202 -0.247662 0.0213405
203 -0.248783 0.0213172
204 -0.248048 0.0211171
205 -0.246333 0.0210184
206 -0.244988 0.0209405
207 -0.243424 0.0211303
208 -0.241351 0.0212713
209 -0.240098 0.0211075
210 -0.239419 0.0211412
211 -0.236516 0.0213158
212 -0.235216 0.0218511
213 -0.234877 0.021591
214 -0.234466 0.0218877
215 -0.23348 0.0221311
216 -0.231741 0.0220375
217 -0.230725 0.0221306
218 -0.2297 0.0219477
219 -0.228326 0.0224257
220 -0.228483 0.0223295
221 -0.226051 0.0221724
222 -0.224709 0.022417
223 -0.22257 0.0223774
224 -0.22172 0.0226759
225 -0.21952 0.0227265
226 -0.217449 0.0229224
227 -0.216224 0.0230792
228 -0.216507 0.0230875
229 -0.215705 0.0227793
230 -0.214316 0.0227309
231 -0.213475 0.022725
232 -0.214104 0.0230896
233 -0.211808 0.0231335
234 -0.210347 0.0230911
235 -0.208731 0.0230578
236 -0.208184 0.0233813
237 -0.205976 0.0234091
238 -0.205096 0.0237746
239 -0.203882 0.023667
240 -0.201708 0.0237912
241 -0.201591 0.0237968
242 -0.198787 0.0238539
243 -0.19634 0.0239153
244 -0.193928 0.0241987
245 -0.192965 0.0239028
246 -0.190798 0.0238121
247 -0.188995 0.0237983
248 -0.186155 0.0238544
249 -0.184528 0.0240224
250 -0.183523 0.0238111
251 -0.181276 0.0237608
252 -0.179477 0.0240224
253 -0.176423 0.0241336
254 -0.173308 0.0246332
255 -0.170484 0.0248352
256 -0.169727 0.0250108
257 -0.167001 0.0250391
258 -0.164943 0.0252888
259 -0.162948 0.0254786
260 -0.1629 0.0252341
261 -0.161353 0.0251328
262 -0.159091 0.0250629
263 -0.156901 0.0247369
264 -0.155188 0.0245105
265 -0.155556 0.0243523
266 -0.153784 0.0245
267 -0.150755 0.0244139
268 -0.147436 0.0244439
269 -0.144843 0.0243187
270 -0.141913 0.0242883
271 -0.139501 0.0244295
272 -0.137195 0.024531
273 -0.134566 0.0245876
274 -0.133697 0.0246246
275 -0.131309 0.024476
276 -0.128963 0.0244286
277 -0.126957 0.0242818
278 -0.124309 0.0243304
279 -0.121784 0.0240573
280 -0.118948 0.0241805
281 -0.116783 0.0242669
282 -0.114469 0.024215
283 -0.111028 0.0243489
284 -0.108671 0.0244341
285 -0.106653 0.024493
286 -0.103701 0.0243078
287 -0.0999792 0.0243421
288 -0.0967776 0.0242287
289 -0.093468 0.0243247
290 -0.0896723 0.024508
291 -0.086062 0.0243214
292 -0.0817755 0.0246738
293 -0.0775737 0.0249811
294 -0.0742511 0.0252425
295 -0.0711541 0.0252803
296 -0.0679282 0.0252513
297 -0.0660108 0.025194
298 -0.0642145 0.0254396
299 -0.0599515 0.0256453
