-4.9875 0 0
-4.9625 0 0
-4.9375 0 0
-4.9125 0 0
-4.8875 0 0
-4.8625 0 0
-4.8375 0 0
-4.8125 0 0
-4.7875 0 0
-4.7625 0 0
-4.7375 0 0
-4.7125 0 0
-4.6875 0 0
-4.6625 0 0
-4.6375 0 0
-4.6125 0 0
-4.5875 0 0
-4.5625 0 0
-4.5375 0 0
-4.5125 0 0
-4.4875 0 0
-4.4625 0 0
-4.4375 0 0
-4.4125 0 0
-4.3875 0 0
-4.3625 0 0
-4.3375 0 0
-4.3125 0 0
-4.2875 0 0
-4.2625 0 0
-4.2375 0 0
-4.2125 0 0
-4.1875 0 0
-4.1625 0 0
-4.1375 0 0
-4.1125 0 0
-4.0875 0 0
-4.0625 0 0
-4.0375 0 0
-4.0125 0 0
-3.9875 0 0
-3.9625 0 0
-3.9375 0 0
-3.9125 0 0
-3.8875 0 0
-3.8625 0 0
-3.8375 0 0
-3.8125 0 0
-3.7875 0 0
-3.7625 0 0
-3.7375 0 0
-3.7125 0 0
-3.6875 0 0
-3.6625 0 0
-3.6375 0 0
-3.6125 0 0
-3.5875 0 0
-3.5625 0 0
-3.5375 0 0
-3.5125 0 0
-3.4875 0 0
-3.4625 0 0
-3.4375 0 0
-3.4125 0 0
-3.3875 0 0
-3.3625 0 0
-3.3375 0 0
-3.3125 0 0
-3.2875 0 0
-3.2625 0 0
-3.2375 0 0
-3.2125 0 0
-3.1875 0 0
-3.1625 0 0
-3.1375 0 0
-3.1125 0 0
-3.0875 0 0
-3.0625 0 0
-3.0375 0 0
-3.0125 0 0
-2.9875 0 0
-2.9625 0 0
-2.9375 0 0
-2.9125 0 0
-2.8875 0 0
-2.8625 0 0
-2.8375 0 0
-2.8125 0 0
-2.7875 0 0
-2.7625 0 0
-2.7375 0 0
-2.7125 0 0
-2.6875 0 0
-2.6625 0 0
-2.6375 0 0
-2.6125 0 0
-2.5875 0 0
-2.5625 0 0
-2.5375 0 0
-2.5125 0 0
-2.4875 8.19672e-06 7.98918e-06
-2.4625 8.19672e-06 7.98918e-06
-2.4375 6.55738e-05 3.15334e-05
-2.4125 8.19672e-05 3.57287e-05
-2.3875 0.000172131 6.18567e-05
-2.3625 0.000213115 8.03948e-05
-2.3375 0.000303279 0.000130261
-2.3125 0.000163934 4.91803e-05
-2.2875 0.000344262 8.18852e-05
-2.2625 0.000319672 5.85076e-05
-2.2375 0.000622951 0.00010662
-2.2125 0.000786885 0.000116266
-2.1875 0.00105738 0.000128809
-2.1625 0.0012541 0.000174371
-2.1375 0.00169672 0.000191275
-2.1125 0.00215574 0.000362379
-2.0875 0.00256557 0.000304776
-2.0625 0.0034918 0.000326658
-2.0375 0.00441803 0.000422505
-2.0125 0.00509016 0.000421231
-1.9875 0.00645902 0.000638545
-1.9625 0.00796721 0.000609695
-1.9375 0.0103607 0.000597473
-1.9125 0.0119672 0.000726231
-1.8875 0.0151066 0.000810463
-1.8625 0.0187787 0.00103113
-1.8375 0.0212869 0.00103651
-1.8125 0.0249836 0.00128604
-1.7875 0.0303361 0.00125998
-1.7625 0.0338033 0.00143509
-1.7375 0.0393115 0.00173285
-1.7125 0.0466311 0.00184204
-1.6875 0.0540164 0.00166752
-1.6625 0.0604344 0.00251444
-1.6375 0.070541 0.00308408
-1.6125 0.0813852 0.00355317
-1.5875 0.0880164 0.00350365
-1.5625 0.0985492 0.00391411
-1.5375 0.110697 0.00426718
-1.5125 0.121074 0.00453047
-1.4875 0.132 0.00455711
-1.4625 0.14773 0.00492202
-1.4375 0.162656 0.00546398
-1.4125 0.175295 0.00592246
-1.3875 0.190811 0.00628407
-1.3625 0.204959 0.00697397
-1.3375 0.218779 0.00697511
-1.3125 0.233279 0.00721091
-1.2875 0.245713 0.00784188
-1.2625 0.258893 0.00758365
-1.2375 0.276057 0.00931005
-1.2125 0.287492 0.00930881
-1.1875 0.299475 0.00910713
-1.1625 0.309721 0.0100193
-1.1375 0.3225 0.0104307
-1.1125 0.333279 0.0103762
-1.0875 0.343811 0.0104094
-1.0625 0.355738 0.0104952
-1.0375 0.360844 0.010392
-1.0125 0.369516 0.0104013
-0.9875 0.3745 0.00982219
-0.9625 0.381328 0.0101954
-0.9375 0.387598 0.0100696
-0.9125 0.38832 0.00947203
-0.8875 0.393689 0.00915174
-0.8625 0.39409 0.00898133
-0.8375 0.399713 0.00873309
-0.8125 0.398492 0.00827781
-0.7875 0.397451 0.00842938
-0.7625 0.398721 0.00793828
-0.7375 0.397475 0.00828521
-0.7125 0.398 0.00836317
-0.6875 0.390508 0.00807283
-0.6625 0.389877 0.00827689
-0.6375 0.382934 0.00735275
-0.6125 0.383385 0.0069944
-0.5875 0.377926 0.00678555
-0.5625 0.371287 0.00641967
-0.5375 0.369303 0.00709666
-0.5125 0.362066 0.00619909
-0.4875 0.361139 0.0055874
-0.4625 0.352787 0.00495615
-0.4375 0.347984 0.00506624
-0.4125 0.341426 0.0042882
-0.3875 0.336557 0.00497598
-0.3625 0.333172 0.00402282
-0.3375 0.331057 0.00400462
-0.3125 0.32473 0.00400905
-0.2875 0.321893 0.00367649
-0.2625 0.316139 0.00415059
-0.2375 0.313123 0.0037901
-0.2125 0.305902 0.00382176
-0.1875 0.304123 0.00416326
-0.1625 0.300492 0.00390178
-0.1375 0.29691 0.0047087
-0.1125 0.29759 0.00443905
-0.0875 0.296328 0.00515293
-0.0625 0.296033 0.00548955
-0.0375 0.29532 0.00480851
-0.0125 0.293557 0.00518475
0.0125 0.293008 0.00558743
0.0375 0.292902 0.00487499
0.0625 0.295123 0.00505217
0.0875 0.292262 0.00507333
0.1125 0.294967 0.004834
0.1375 0.292648 0.00461006
0.1625 0.296967 0.00512054
0.1875 0.299984 0.00556904
0.2125 0.300975 0.00532636
0.2375 0.30409 0.00521343
0.2625 0.313697 0.00582077
0.2875 0.313566 0.0055248
0.3125 0.320967 0.00589316
0.3375 0.321107 0.00573277
0.3625 0.325197 0.00627749
0.3875 0.330918 0.00658602
0.4125 0.335877 0.00710804
0.4375 0.339762 0.00719254
0.4625 0.344623 0.00703181
0.4875 0.350057 0.0072776
0.5125 0.352508 0.00706259
0.5375 0.358541 0.007033
0.5625 0.361533 0.0079607
0.5875 0.370926 0.00684442
0.6125 0.368352 0.00739683
0.6375 0.372746 0.00746859
0.6625 0.379516 0.00775943
0.6875 0.378664 0.00787891
0.7125 0.382164 0.0084185
0.7375 0.384221 0.00879409
0.7625 0.386713 0.00889005
0.7875 0.382443 0.00866367
0.8125 0.383656 0.0096326
0.8375 0.382057 0.00908195
0.8625 0.381828 0.00934042
0.8875 0.377828 0.00959389
0.9125 0.374016 0.0105839
0.9375 0.371344 0.0103214
0.9625 0.366262 0.00953244
0.9875 0.36282 0.0103487
1.0125 0.354443 0.00994357
1.0375 0.346459 0.00982831
1.0625 0.338648 0.00984052
1.0875 0.331402 0.0102353
1.1125 0.324025 0.00970543
1.1375 0.312557 0.0103735
1.1625 0.302295 0.00952317
1.1875 0.285836 0.00937727
1.2125 0.272689 0.00882303
1.2375 0.264934 0.00883449
1.2625 0.249041 0.00877862
1.2875 0.236016 0.00777079
1.3125 0.220549 0.00714616
1.3375 0.204836 0.00621824
1.3625 0.191967 0.00611498
1.3875 0.178066 0.0058226
1.4125 0.166598 0.00544803
1.4375 0.155492 0.00532938
1.4625 0.142205 0.00477558
1.4875 0.127918 0.00479631
1.5125 0.117582 0.00424348
1.5375 0.107025 0.00370465
1.5625 0.0961967 0.0030864
1.5875 0.0857213 0.00323863
1.6125 0.076041 0.00316258
1.6375 0.0678361 0.00288491
1.6625 0.0600328 0.00235845
1.6875 0.0527213 0.00231102
1.7125 0.0457541 0.00200955
1.7375 0.0389016 0.00186878
1.7625 0.0340984 0.00187273
1.7875 0.0290246 0.00132759
1.8125 0.0247295 0.00128217
1.8375 0.0208197 0.00111403
1.8625 0.0175164 0.00100317
1.8875 0.0145902 0.00094515
1.9125 0.0120328 0.000916597
1.9375 0.00990164 0.000791601
1.9625 0.00897541 0.000664074
1.9875 0.00663934 0.000564146
2.0125 0.0052377 0.000550887
2.0375 0.00377869 0.00037749
2.0625 0.00331148 0.000376443
2.0875 0.0027541 0.000335485
2.1125 0.00184426 0.000245046
2.1375 0.00140164 0.000297231
2.1625 0.00119672 0.000294877
2.1875 0.000909836 0.000184917
2.2125 0.000688525 0.000143197
2.2375 0.00054918 0.000128704
2.2625 0.000319672 9.23542e-05
2.2875 0.000319672 8.39714e-05
2.3125 0.000204918 7.67828e-05
2.3375 0.000196721 7.10803e-05
2.3625 8.19672e-05 4.09836e-05
2.3875 0.000114754 5.44943e-05
2.4125 3.27869e-05 2.48619e-05
2.4375 4.09836e-05 1.9655e-05
2.4625 4.91803e-05 4.79351e-05
2.4875 8.19672e-06 7.98918e-06
2.5125 8.19672e-06 7.98918e-06
2.5375 0 0
2.5625 0 0
2.5875 0 0
2.6125 0 0
2.6375 0 0
2.6625 0 0
2.6875 0 0
2.7125 0 0
2.7375 0 0
2.7625 0 0
2.7875 0 0
2.8125 0 0
2.8375 0 0
2.8625 0 0
2.8875 0 0
2.9125 0 0
2.9375 0 0
2.9625 0 0
2.9875 0 0
3.0125 0 0
3.0375 0 0
3.0625 0 0
3.0875 0 0
3.1125 0 0
3.1375 0 0
3.1625 0 0
3.1875 0 0
3.2125 0 0
3.2375 0 0
3.2625 0 0
3.2875 0 0
3.3125 0 0
3.3375 0 0
3.3625 0 0
3.3875 0 0
3.4125 0 0
3.4375 0 0
3.4625 0 0
3.4875 0 0
3.5125 0 0
3.5375 0 0
3.5625 0 0
3.5875 0 0
3.6125 0 0
3.6375 0 0
3.6625 0 0
3.6875 0 0
3.7125 0 0
3.7375 0 0
3.7625 0 0
3.7875 0 0
3.8125 0 0
3.8375 0 0
3.8625 0 0
3.8875 0 0
3.9125 0 0
3.9375 0 0
3.9625 0 0
3.9875 0 0
4.0125 0 0
4.0375 0 0
4.0625 0 0
4.0875 0 0
4.1125 0 0
4.1375 0 0
4.1625 0 0
4.1875 0 0
4.2125 0 0
4.2375 0 0
4.2625 0 0
4.2875 0 0
4.3125 0 0
4.3375 0 0
4.3625 0 0
4.3875 0 0
4.4125 0 0
4.4375 0 0
4.4625 0 0
4.4875 0 0
4.5125 0 0
4.5375 0 0
4.5625 0 0
4.5875 0 0
4.6125 0 0
4.6375 0 0
4.6625 0 0
4.6875 0 0
4.7125 0 0
4.7375 0 0
4.7625 0 0
4.7875 0 0
4.8125 0 0
4.8375 0 0
4.8625 0 0
4.8875 0 0
4.9125 0 0
4.9375 0 0
4.9625 0 0
4.9875 0 0
