-4.9875 0 0
-4.9625 0 0
-4.9375 0 0
-4.9125 0 0
-4.8875 0 0
-4.8625 0 0
-4.8375 0 0
-4.8125 0 0
-4.7875 0 0
-4.7625 0 0
-4.7375 0 0
-4.7125 0 0
-4.6875 0 0
-4.6625 0 0
-4.6375 0 0
-4.6125 0 0
-4.5875 0 0
-4.5625 0 0
-4.5375 0 0
-4.5125 0 0
-4.4875 0 0
-4.4625 0 0
-4.4375 0 0
-4.4125 0 0
-4.3875 0 0
-4.3625 0 0
-4.3375 0 0
-4.3125 0 0
-4.2875 0 0
-4.2625 0 0
-4.2375 0 0
-4.2125 0 0
-4.1875 0 0
-4.1625 0 0
-4.1375 0 0
-4.1125 0 0
-4.0875 0 0
-4.0625 0 0
-4.0375 0 0
-4.0125 0 0
-3.9875 0 0
-3.9625 0 0
-3.9375 0 0
-3.9125 0 0
-3.8875 0 0
-3.8625 0 0
-3.8375 0 0
-3.8125 0 0
-3.7875 0 0
-3.7625 0 0
-3.7375 0 0
-3.7125 0 0
-3.6875 0 0
-3.6625 0 0
-3.6375 0 0
-3.6125 0 0
-3.5875 0 0
-3.5625 0 0
-3.5375 0 0
-3.5125 0 0
-3.4875 0 0
-3.4625 0 0
-3.4375 0 0
-3.4125 0 0
-3.3875 0 0
-3.3625 0 0
-3.3375 0 0
-3.3125 0 0
-3.2875 0 0
-3.2625 0 0
-3.2375 0 0
-3.2125 0 0
-3.1875 0 0
-3.1625 0 0
-3.1375 0 0
-3.1125 0 0
-3.0875 0 0
-3.0625 0 0
-3.0375 0 0
-3.0125 0 0
-2.9875 0 0
-2.9625 0 0
-2.9375 0 0
-2.9125 0 0
-2.8875 0 0
-2.8625 0 0
-2.8375 0 0
-2.8125 0 0
-2.7875 0 0
-2.7625 0 0
-2.7375 0 0
-2.7125 0 0
-2.6875 0 0
-2.6625 0 0
-2.6375 0 0
-2.6125 0 0
-2.5875 0 0
-2.5625 1.63934e-05 1.59784e-05
-2.5375 3.27869e-05 3.19567e-05
-2.5125 9.83607e-05 9.58701e-05
-2.4875 8.19672e-05 6.50595e-05
-2.4625 9.01639e-05 7.2831e-05
-2.4375 9.01639e-05 7.2831e-05
-2.4125 0.000147541 8.10606e-05
-2.3875 0.000172131 9.23542e-05
-2.3625 0.000188525 8.92464e-05
-2.3375 0.000245902 0.000124039
-2.3125 0.000286885 0.000139043
-2.2875 0.00042623 0.000157411
-2.2625 0.000606557 0.000239563
-2.2375 0.001 0.000397672
-2.2125 0.00132787 0.000466551
-2.1875 0.00208197 0.000525627
-2.1625 0.00216393 0.000478453
-2.1375 0.00246721 0.000421231
-2.1125 0.00309016 0.000514539
-2.0875 0.00371311 0.000523215
-2.0625 0.00422131 0.000618174
-2.0375 0.00514754 0.000710935
-2.0125 0.00668033 0.000762769
-1.9875 0.00772951 0.000829796
-1.9625 0.0097377 0.000940332
-1.9375 0.011541 0.00111671
-1.9125 0.0132131 0.00118461
-1.8875 0.0152951 0.001227
-1.8625 0.019377 0.00136709
-1.8375 0.022377 0.00152095
-1.8125 0.0264344 0.00171826
-1.7875 0.030959 0.00221725
-1.7625 0.0348033 0.00235108
-1.7375 0.0408361 0.00263478
-1.7125 0.0469754 0.00254662
-1.6875 0.0564508 0.00268741
-1.6625 0.0641885 0.0028607
-1.6375 0.0714672 0.00320747
-1.6125 0.0778607 0.00348042
-1.5875 0.0864016 0.00374669
-1.5625 0.0960246 0.00325462
-1.5375 0.107607 0.00289191
-1.5125 0.119836 0.00314831
-1.4875 0.133025 0.00394015
-1.4625 0.146426 0.00411463
-1.4375 0.160623 0.00415268
-1.4125 0.173172 0.00429311
-1.3875 0.187238 0.00466324
-1.3625 0.200016 0.00428877
-1.3375 0.214336 0.00460449
-1.3125 0.229148 0.0050683
-1.2875 0.240992 0.00441018
-1.2625 0.255402 0.00554025
-1.2375 0.269787 0.00661321
-1.2125 0.282885 0.00674624
-1.1875 0.2955 0.00699933
-1.1625 0.310402 0.00759373
-1.1375 0.321582 0.00762601
-1.1125 0.3285 0.00666541
-1.0875 0.339697 0.00631304
-1.0625 0.350066 0.00595095
-1.0375 0.355533 0.00655645
-1.0125 0.368656 0.00774389
-0.9875 0.37691 0.00735446
-0.9625 0.382598 0.00665651
-0.9375 0.386434 0.00671932
-0.9125 0.395484 0.00569464
-0.8875 0.397787 0.00660659
-0.8625 0.403869 0.00581893
-0.8375 0.409164 0.00637601
-0.8125 0.414836 0.00658907
-0.7875 0.41227 0.00663554
-0.7625 0.411115 0.00639879
-0.7375 0.404738 0.00563586
-0.7125 0.401303 0.00564557
-0.6875 0.395189 0.00640232
-0.6625 0.388689 0.00541109
-0.6375 0.384631 0.00579197
-0.6125 0.37909 0.00549531
-0.5875 0.369115 0.00509917
-0.5625 0.367541 0.006433
-0.5375 0.360189 0.00608622
-0.5125 0.354902 0.0055456
-0.4875 0.353369 0.00557927
-0.4625 0.348754 0.00432958
-0.4375 0.343328 0.00403241
-0.4125 0.341238 0.00413213
-0.3875 0.337221 0.00500931
-0.3625 0.333098 0.0052213
-0.3375 0.320115 0.00511451
-0.3125 0.316344 0.00337074
-0.2875 0.309574 0.00415902
-0.2625 0.299762 0.00426114
-0.2375 0.295475 0.00336228
-0.2125 0.293164 0.00335842
-0.1875 0.289795 0.00452637
-0.1625 0.284705 0.00425247
-0.1375 0.286066 0.00490831
-0.1125 0.283844 0.00561418
-0.0875 0.282902 0.00510007
-0.0625 0.280885 0.00513588
-0.0375 0.277418 0.00423776
-0.0125 0.277344 0.00442578
0.0125 0.273844 0.00460834
0.0375 0.276574 0.00500921
0.0625 0.281 0.00360313
0.0875 0.277475 0.00466883
0.1125 0.279713 0.00406078
0.1375 0.280475 0.00460517
0.1625 0.280984 0.0052225
0.1875 0.28377 0.00545341
0.2125 0.286418 0.00507548
0.2375 0.290852 0.00485144
0.2625 0.300123 0.00521552
0.2875 0.302041 0.00501119
0.3125 0.310156 0.00464893
0.3375 0.317057 0.00484817
0.3625 0.316525 0.00397914
0.3875 0.326426 0.00422365
0.4125 0.333459 0.00615559
0.4375 0.338811 0.00581926
0.4625 0.348082 0.00446045
0.4875 0.357303 0.00473955
0.5125 0.362164 0.00449764
0.5375 0.36559 0.005553
0.5625 0.372189 0.00599793
0.5875 0.375123 0.00590886
0.6125 0.382525 0.005695
0.6375 0.38468 0.0063355
0.6625 0.393508 0.00589456
0.6875 0.395016 0.0053098
0.7125 0.404664 0.00600906
0.7375 0.407713 0.00593474
0.7625 0.412303 0.00568371
0.7875 0.413074 0.00666398
0.8125 0.413484 0.0072683
0.8375 0.407287 0.0076772
0.8625 0.401393 0.00758373
0.8875 0.398861 0.00699147
0.9125 0.391705 0.00752416
0.9375 0.387041 0.00786801
0.9625 0.378762 0.00741653
0.9875 0.382115 0.00707181
1.0125 0.374418 0.00708136
1.0375 0.358754 0.00805597
1.0625 0.349803 0.00771336
1.0875 0.335787 0.00744859
1.1125 0.321607 0.00666229
1.1375 0.312279 0.00718579
1.1625 0.299721 0.00645838
1.1875 0.288205 0.0065097
1.2125 0.276787 0.00507635
1.2375 0.266508 0.00560773
1.2625 0.251533 0.00689352
1.2875 0.235541 0.00721319
1.3125 0.218828 0.00717997
1.3375 0.203754 0.00628413
1.3625 0.188877 0.00600273
1.3875 0.17418 0.00515896
1.4125 0.161172 0.00447277
1.4375 0.1505 0.00430019
1.4625 0.139492 0.00406587
1.4875 0.127049 0.00367539
1.5125 0.114795 0.00258821
1.5375 0.106492 0.00310374
1.5625 0.0972131 0.0031038
1.5875 0.0856639 0.00272636
1.6125 0.0771557 0.00286138
1.6375 0.0685 0.0025924
1.6625 0.0595656 0.00272652
1.6875 0.0515 0.00252231
1.7125 0.0457705 0.00224397
1.7375 0.0415328 0.00239221
1.7625 0.0363689 0.00205427
1.7875 0.0304836 0.00226311
1.8125 0.025877 0.00193454
1.8375 0.0222377 0.0014361
1.8625 0.0196721 0.00138527
1.8875 0.0164016 0.000998889
1.9125 0.0136066 0.00102187
1.9375 0.0106475 0.000622571
1.9625 0.00863934 0.00069388
1.9875 0.00615574 0.0005319
2.0125 0.00510656 0.000458178
2.0375 0.00420492 0.000414121
2.0625 0.00392623 0.000381385
2.0875 0.00331148 0.00038474
2.1125 0.00259016 0.000371593
2.1375 0.00259836 0.000396382
2.1625 0.00221311 0.000315441
2.1875 0.00183607 0.00029385
2.2125 0.00116393 0.000256572
2.2375 0.000795082 0.000157784
2.2625 0.000672131 0.000223547
2.2875 0.000442623 0.000137695
2.3125 0.000368852 0.000124781
2.3375 0.000237705 0.000100037
2.3625 0.000270492 0.000138267
2.3875 0.000106557 4.2235e-05
2.4125 6.55738e-05 3.55401e-05
2.4375 0 0
2.4625 0 0
2.4875 0 0
2.5125 0 0
2.5375 0 0
2.5625 0 0
2.5875 0 0
2.6125 0 0
2.6375 0 0
2.6625 0 0
2.6875 0 0
2.7125 0 0
2.7375 0 0
2.7625 0 0
2.7875 0 0
2.8125 0 0
2.8375 0 0
2.8625 0 0
2.8875 0 0
2.9125 0 0
2.9375 0 0
2.9625 0 0
2.9875 0 0
3.0125 0 0
3.0375 0 0
3.0625 0 0
3.0875 0 0
3.1125 0 0
3.1375 0 0
3.1625 0 0
3.1875 0 0
3.2125 0 0
3.2375 0 0
3.2625 0 0
3.2875 0 0
3.3125 0 0
3.3375 0 0
3.3625 0 0
3.3875 0 0
3.4125 0 0
3.4375 0 0
3.4625 0 0
3.4875 0 0
3.5125 0 0
3.5375 0 0
3.5625 0 0
3.5875 0 0
3.6125 0 0
3.6375 0 0
3.6625 0 0
3.6875 0 0
3.7125 0 0
3.7375 0 0
3.7625 0 0
3.7875 0 0
3.8125 0 0
3.8375 0 0
3.8625 0 0
3.8875 0 0
3.9125 0 0
3.9375 0 0
3.9625 0 0
3.9875 0 0
4.0125 0 0
4.0375 0 0
4.0625 0 0
4.0875 0 0
4.1125 0 0
4.1375 0 0
4.1625 0 0
4.1875 0 0
4.2125 0 0
4.2375 0 0
4.2625 0 0
4.2875 0 0
4.3125 0 0
4.3375 0 0
4.3625 0 0
4.3875 0 0
4.4125 0 0
4.4375 0 0
4.4625 0 0
4.4875 0 0
4.5125 0 0
4.5375 0 0
4.5625 0 0
4.5875 0 0
4.6125 0 0
4.6375 0 0
4.6625 0 0
4.6875 0 0
4.7125 0 0
4.7375 0 0
4.7625 0 0
4.7875 0 0
4.8125 0 0
4.8375 0 0
4.8625 0 0
4.8875 0 0
4.9125 0 0
4.9375 0 0
4.9625 0 0
4.9875 0 0
