0 -0.783086 0.00301876
1 -0.783215 0.00304638
2 -0.782551 0.00349778
3 -0.782484 0.00333929
4 -0.783014 0.00356788
5 -0.783333 0.00329739
6 -0.783127 0.0032473
7 -0.783909 0.00321906
8 -0.784544 0.00337939
9 -0.784298 0.00362799
10 -0.783974 0.00399531
11 -0.783829 0.00379515
12 -0.784162 0.00354042
13 -0.784285 0.003728
14 -0.784547 0.00395635
15 -0.784252 0.00375836
16 -0.783512 0.00328643
17 -0.783276 0.00329202
18 -0.782937 0.00314985
19 -0.782773 0.00301556
20 -0.783986 0.00303894
21 -0.783256 0.00318198
22 -0.784049 0.00314404
23 -0.78433 0.00349473
24 -0.784048 0.0033608
25 -0.784387 0.00333146
26 -0.784711 0.00290441
27 -0.785568 0.00275925
28 -0.785447 0.00287064
29 -0.785761 0.00297688
30 -0.785617 0.00283179
31 -0.785815 0.00296719
32 -0.785853 0.00294386
33 -0.785488 0.00290732
34 -0.785143 0.00275592
35 -0.785732 0.00304086
36 -0.784272 0.00309833
37 -0.784779 0.00325372
38 -0.785403 0.00302027
39 -0.78532 0.0029219
40 -0.785132 0.00284306
41 -0.785258 0.00259681
42 -0.786304 0.0025172
43 -0.786956 0.002475
44 -0.787522 0.00277411
45 -0.786912 0.00260185
46 -0.785941 0.00254737
47 -0.787856 0.00237232
48 -0.787514 0.00231523
49 -0.78752 0.00228277
50 -0.788213 0.00226187
51 -0.788077 0.00236333
52 -0.787319 0.00238085
53 -0.786504 0.0022104
54 -0.785722 0.0020955
55 -0.786607 0.00244193
56 -0.786081 0.00268298
57 -0.785807 0.00258328
58 -0.785514 0.00258673
59 -0.785283 0.00266341
60 -0.786038 0.00262755
61 -0.786552 0.00247378
62 -0.785902 0.00268036
63 -0.784772 0.00262852
64 -0.784973 0.0027307
65 -0.785544 0.00254489
66 -0.786639 0.00228722
67 -0.78641 0.00231951
68 -0.787116 0.00207661
69 -0.787273 0.00183081
70 -0.786956 0.00198807
71 -0.786798 0.00203238
72 -0.787305 0.00220126
73 -0.786916 0.00218371
74 -0.786098 0.00216032
75 -0.786271 0.00225072
76 -0.785931 0.0023061
77 -0.784553 0.00227815
78 -0.784682 0.00232726
79 -0.784737 0.00247869
80 -0.784848 0.0023491
81 -0.786083 0.00230147
82 -0.786443 0.00233407
83 -0.786233 0.00237824
84 -0.786443 0.00250846
85 -0.786101 0.00263506
86 -0.785104 0.0024955
87 -0.783906 0.00229688
88 -0.783823 0.00215208
89 -0.782954 0.00203176
90 -0.782275 0.00193997
91 -0.782693 0.00222305
92 -0.78221 0.00238486
93 -0.782591 0.00229232
94 -0.783516 0.0023605
95 -0.783221 0.00235342
96 -0.783477 0.00230278
97 -0.783747 0.00229846
98 -0.78423 0.00214819
99 -0.783774 0.00222728
100 -0.78478 0.00246554
101 -0.784717 0.00235204
102 -0.783234 0.00245828
103 -0.782739 0.00240053
104 -0.781422 0.00252588
105 -0.78147 0.00246706
106 -0.781932 0.00265439
107 -0.781845 0.00269766
108 -0.781314 0.0027002
109 -0.781412 0.00274533
110 -0.782865 0.00270331
111 -0.782245 0.00261555
112 -0.78289 0.00259127
113 -0.782714 0.00266322
114 -0.782582 0.00275634
115 -0.783573 0.00261718
116 -0.783652 0.00248979
117 -0.784184 0.00258492
118 -0.783594 0.00264406
119 -0.782911 0.00280728
120 -0.782992 0.00276911
121 -0.782797 0.00278007
122 -0.781897 0.00284863
123 -0.781382 0.00303334
124 -0.781716 0.00305995
125 -0.781569 0.00308603
126 -0.78096 0.00313615
127 -0.78035 0.00316711
128 -0.780222 0.00311628
129 -0.781034 0.00284576
130 -0.783089 0.00266747
131 -0.782454 0.00269495
132 -0.782811 0.00273297
133 -0.782409 0.00277482
134 -0.782916 0.00274295
135 -0.782848 0.00275828
136 -0.783253 0.00287624
137 -0.783223 0.00288229
138 -0.783469 0.00261538
139 -0.784543 0.00259504
140 -0.785914 0.00267186
141 -0.785383 0.00248853
142 -0.785666 0.00283579
143 -0.785369 0.00264706
144 -0.785801 0.00290669
145 -0.786176 0.00282761
146 -0.786232 0.00292381
147 -0.786066 0.00304756
148 -0.786296 0.0028758
149 -0.786001 0.0030963
150 -0.786129 0.00325741
151 -0.78635 0.00332304
152 -0.786548 0.00326943
153 -0.787308 0.00333301
154 -0.786337 0.00347775
155 -0.785443 0.00303706
156 -0.785565 0.00310566
157 -0.785683 0.00305199
158 -0.785298 0.00294734
159 -0.785355 0.00271904
160 -0.785377 0.00265833
161 -0.784592 0.00260412
162 -0.785248 0.00257021
163 -0.786506 0.00262277
164 -0.78621 0.00268472
165 -0.786305 0.00271291
166 -0.786737 0.00261973
167 -0.786972 0.00268909
168 -0.786293 0.00283074
169 -0.78528 0.00261381
170 -0.785776 0.00256178
171 -0.785279 0.00251296
172 -0.785228 0.00263888
173 -0.784384 0.002646
174 -0.784488 0.00257498
175 -0.784286 0.00251438
176 -0.784551 0.00276809
177 -0.78443 0.00280608
178 -0.784927 0.00296285
179 -0.784909 0.00328725
180 -0.786212 0.00324199
181 -0.786456 0.00330027
182 -0.785845 0.0030742
183 -0.786323 0.00303656
184 -0.785581 0.00315504
185 -0.785611 0.00292554
186 -0.785767 0.00280487
187 -0.785826 0.00279407
188 -0.78632 0.00303777
189 -0.786152 0.00305162
190 -0.785895 0.0030903
191 -0.786875 0.00311537
192 -0.786739 0.00316017
193 -0.786601 0.00322509
194 -0.787153 0.00331586
195 -0.787269 0.00336116
196 -0.787233 0.00356887
197 -0.786068 0.00369981
198 -0.786593 0.00371142
199 -0.786356 0.00363593
200 -0.787077 0.00352764
201 -0.787765 0.00347037
202 -0.787908 0.00346608
203 -0.788701 0.003418
204 -0.787817 0.00350652
205 -0.787064 0.00339297
206 -0.787734 0.003176
207 -0.786887 0.00325692
208 -0.786428 0.00345557
209 -0.786086 0.0032789
210 -0.785659 0.00320809
211 -0.784591 0.00313185
212 -0.785433 0.00307558
213 -0.785658 0.00305287
214 -0.785764 0.00313889
215 -0.785699 0.00315734
216 -0.785973 0.00320501
217 -0.785487 0.00315857
218 -0.785435 0.00303973
219 -0.785578 0.00293117
220 -0.78474 0.00282312
221 -0.784284 0.00283249
222 -0.785503 0.00275395
223 -0.78606 0.00276432
224 -0.785077 0.00277885
225 -0.786485 0.00307233
226 -0.785918 0.00289052
227 -0.78597 0.00286459
228 -0.785552 0.00281283
229 -0.785299 0.00273386
230 -0.785285 0.00275735
231 -0.784822 0.0027751
232 -0.785237 0.002754
233 -0.785436 0.00258701
234 -0.784929 0.00267197
235 -0.784105 0.00266138
236 -0.78459 0.00279148
237 -0.783375 0.00286354
238 -0.78445 0.00287831
239 -0.783692 0.00311069
240 -0.783478 0.00319151
241 -0.784099 0.00331822
242 -0.784346 0.00350332
243 -0.783591 0.00339137
244 -0.784143 0.00321222
245 -0.784135 0.00314072
246 -0.78384 0.00297845
247 -0.783874 0.00285873
248 -0.78413 0.00296822
249 -0.784991 0.00295383
250 -0.78631 0.00288134
251 -0.787662 0.00286441
252 -0.786718 0.00309173
253 -0.786906 0.00327723
254 -0.786717 0.00311476
255 -0.786572 0.00304929
256 -0.786892 0.00283523
257 -0.786928 0.00281647
258 -0.787528 0.00256318
259 -0.787841 0.00241056
260 -0.78741 0.00253902
261 -0.787503 0.00247229
262 -0.787667 0.00271405
263 -0.787639 0.0029913
264 -0.789074 0.00321304
265 -0.789685 0.00317928
266 -0.790531 0.00355223
267 -0.790629 0.00377587
268 -0.790636 0.00373176
269 -0.790881 0.00372769
270 -0.790842 0.00384578
271 -0.790482 0.00350238
272 -0.79044 0.00358331
273 -0.789609 0.00341881
274 -0.790216 0.00333719
275 -0.789563 0.00331264
276 -0.789018 0.00340887
277 -0.788322 0.00332844
278 -0.789187 0.0034648
279 -0.790419 0.00368139
280 -0.791195 0.0035831
281 -0.790559 0.00361803
282 -0.790541 0.00361012
283 -0.791004 0.00360222
284 -0.789893 0.0035847
285 -0.789885 0.00384448
286 -0.791476 0.00387545
287 -0.791289 0.00379737
288 -0.789387 0.00368921
289 -0.789154 0.00344025
290 -0.788687 0.00350544
291 -0.788878 0.00343796
292 -0.788754 0.00327861
293 -0.787931 0.00312321
294 -0.787321 0.00311789
295 -0.787092 0.0032543
296 -0.786969 0.00322975
297 -0.786263 0.00313159
298 -0.786463 0.00308558
299 -0.785007 0.00316909
