-4.9875 0 0
-4.9625 0 0
-4.9375 0 0
-4.9125 0 0
-4.8875 0 0
-4.8625 0 0
-4.8375 0 0
-4.8125 0 0
-4.7875 0 0
-4.7625 0 0
-4.7375 0 0
-4.7125 0 0
-4.6875 0 0
-4.6625 0 0
-4.6375 0 0
-4.6125 0 0
-4.5875 0 0
-4.5625 0 0
-4.5375 0 0
-4.5125 0 0
-4.4875 0 0
-4.4625 0 0
-4.4375 0 0
-4.4125 0 0
-4.3875 0 0
-4.3625 0 0
-4.3375 0 0
-4.3125 0 0
-4.2875 0 0
-4.2625 0 0
-4.2375 0 0
-4.2125 0 0
-4.1875 0 0
-4.1625 0 0
-4.1375 0 0
-4.1125 0 0
-4.0875 0 0
-4.0625 0 0
-4.0375 0 0
-4.0125 0 0
-3.9875 0 0
-3.9625 0 0
-3.9375 0 0
-3.9125 0 0
-3.8875 0 0
-3.8625 0 0
-3.8375 0 0
-3.8125 0 0
-3.7875 0 0
-3.7625 0 0
-3.7375 0 0
-3.7125 0 0
-3.6875 0 0
-3.6625 0 0
-3.6375 0 0
-3.6125 0 0
-3.5875 0 0
-3.5625 0 0
-3.5375 0 0
-3.5125 0 0
-3.4875 0 0
-3.4625 0 0
-3.4375 0 0
-3.4125 0 0
-3.3875 0 0
-3.3625 0 0
-3.3375 0 0
-3.3125 0 0
-3.2875 0 0
-3.2625 0 0
-3.2375 0 0
-3.2125 0 0
-3.1875 0 0
-3.1625 0 0
-3.1375 0 0
-3.1125 0 0
-3.0875 0 0
-3.0625 0 0
-3.0375 0 0
-3.0125 0 0
-2.9875 0 0
-2.9625 0 0
-2.9375 0 0
-2.9125 0 0
-2.8875 0 0
-2.8625 0 0
-2.8375 0 0
-2.8125 0 0
-2.7875 0 0
-2.7625 0 0
-2.7375 0 0
-2.7125 8.19672e-06 7.98918e-06
-2.6875 1.63934e-05 1.59784e-05
-2.6625 3.27869e-05 3.19567e-05
-2.6375 8.19672e-06 7.98918e-06
-2.6125 2.45902e-05 2.39675e-05
-2.5875 8.19672e-06 7.98918e-06
-2.5625 8.19672e-06 7.98918e-06
-2.5375 2.45902e-05 1.30891e-05
-2.5125 5.7377e-05 3.89236e-05
-2.4875 7.37705e-05 3.56816e-05
-2.4625 9.83607e-05 4.08193e-05
-2.4375 0.000147541 5.78435e-05
-2.4125 0.000311475 8.74402e-05
-2.3875 0.000311475 8.51039e-05
-2.3625 0.00045082 0.000127445
-2.3375 0.000581967 0.000136408
-2.3125 0.000934426 0.000231287
-2.2875 0.00109836 0.000251333
-2.2625 0.00118033 0.000215185
-2.2375 0.00152459 0.000228951
-2.2125 0.00181967 0.000214027
-2.1875 0.00211475 0.000248592
-2.1625 0.00290984 0.000271329
-2.1375 0.00331148 0.00026525
-2.1125 0.00406557 0.000297937
-2.0875 0.00478689 0.000324698
-2.0625 0.00636885 0.000426903
-2.0375 0.00793443 0.000559711
-2.0125 0.00944262 0.000423446
-1.9875 0.0110328 0.000602902
-1.9625 0.0138852 0.000645421
-1.9375 0.0170902 0.000872701
-1.9125 0.0209098 0.000924703
-1.8875 0.0260328 0.00117768
-1.8625 0.0305 0.00130085
-1.8375 0.0346148 0.00147592
-1.8125 0.041377 0.00193375
-1.7875 0.0479508 0.00237709
-1.7625 0.0558279 0.00291797
-1.7375 0.0628033 0.00292603
-1.7125 0.0737787 0.0033718
-1.6875 0.0821557 0.00358618
-1.6625 0.0916148 0.00403098
-1.6375 0.104238 0.0044665
-1.6125 0.115656 0.00521008
-1.5875 0.12882 0.00537177
-1.5625 0.141566 0.00569033
-1.5375 0.15518 0.00643794
-1.5125 0.169451 0.00711877
-1.4875 0.184377 0.00712427
-1.4625 0.197959 0.00752679
-1.4375 0.213 0.00776824
-1.4125 0.223484 0.0081578
-1.3875 0.23882 0.00849587
-1.3625 0.253762 0.00825722
-1.3375 0.267352 0.00960117
-1.3125 0.28068 0.00909104
-1.2875 0.29527 0.0100077
-1.2625 0.306623 0.0104746
-1.2375 0.31577 0.010699
-1.2125 0.325885 0.0111168
-1.1875 0.33927 0.0106608
-1.1625 0.347451 0.0101983
-1.1375 0.354566 0.0112438
-1.1125 0.365631 0.011308
-1.0875 0.373336 0.0109242
-1.0625 0.379066 0.0104931
-1.0375 0.382115 0.00973612
-1.0125 0.384639 0.00972204
-0.9875 0.388082 0.0105074
-0.9625 0.389016 0.00918847
-0.9375 0.390393 0.00978455
-0.9125 0.392041 0.00973339
-0.8875 0.393287 0.00946942
-0.8625 0.392402 0.00925807
-0.8375 0.392795 0.00920376
-0.8125 0.392508 0.00977375
-0.7875 0.385254 0.00934987
-0.7625 0.38077 0.00879773
-0.7375 0.374631 0.00766232
-0.7125 0.372385 0.00772916
-0.6875 0.367443 0.00726355
-0.6625 0.362918 0.00703223
-0.6375 0.356025 0.00607762
-0.6125 0.350525 0.00612346
-0.5875 0.344885 0.00558999
-0.5625 0.341934 0.00559352
-0.5375 0.33291 0.00614738
-0.5125 0.328934 0.00539623
-0.4875 0.320803 0.00490975
-0.4625 0.313984 0.00489432
-0.4375 0.311615 0.00450419
-0.4125 0.30468 0.00509862
-0.3875 0.29991 0.00494149
-0.3625 0.296828 0.00508539
-0.3375 0.289779 0.00490267
-0.3125 0.284623 0.00399347
-0.2875 0.278516 0.00425343
-0.2625 0.273336 0.00378195
-0.2375 0.269828 0.00379026
-0.2125 0.266902 0.00347717
-0.1875 0.262295 0.00335838
-0.1625 0.259418 0.00376247
-0.1375 0.255689 0.00409844
-0.1125 0.251967 0.00363753
-0.0875 0.252016 0.00338254
-0.0625 0.251541 0.00368463
-0.0375 0.251844 0.00350145
-0.0125 0.253992 0.00378043
0.0125 0.253918 0.00417687
0.0375 0.252426 0.00378819
0.0625 0.253574 0.00390721
0.0875 0.256123 0.00424972
0.1125 0.255057 0.00390827
0.1375 0.258992 0.00506258
0.1625 0.260926 0.00460618
0.1875 0.262377 0.00455628
0.2125 0.265418 0.00448874
0.2375 0.261254 0.00417414
0.2625 0.269336 0.00470288
0.2875 0.268492 0.00459734
0.3125 0.271672 0.00494468
0.3375 0.276754 0.00438057
0.3625 0.27873 0.00473234
0.3875 0.287115 0.0052201
0.4125 0.288238 0.0049375
0.4375 0.295516 0.00619049
0.4625 0.298434 0.0052509
0.4875 0.303115 0.00610849
0.5125 0.311631 0.00623435
0.5375 0.317705 0.0067605
0.5625 0.321402 0.00625481
0.5875 0.328467 0.00680161
0.6125 0.333016 0.00658131
0.6375 0.340574 0.00717117
0.6625 0.344451 0.00579108
0.6875 0.344025 0.00678678
0.7125 0.352025 0.00657715
0.7375 0.358516 0.00741335
0.7625 0.357795 0.00788093
0.7875 0.363418 0.00850346
0.8125 0.364393 0.00798821
0.8375 0.366492 0.00859347
0.8625 0.372279 0.00905334
0.8875 0.369279 0.009912
0.9125 0.37082 0.0105467
0.9375 0.367713 0.00957993
0.9625 0.369746 0.0106368
0.9875 0.368098 0.0104919
1.0125 0.366369 0.0104252
1.0375 0.363779 0.0113113
1.0625 0.357295 0.0108701
1.0875 0.355828 0.0119466
1.1125 0.34468 0.0111584
1.1375 0.338492 0.0112606
1.1625 0.329615 0.0114817
1.1875 0.32432 0.0112241
1.2125 0.311 0.0102995
1.2375 0.300189 0.0097554
1.2625 0.287943 0.00957676
1.2875 0.274418 0.00966699
1.3125 0.262811 0.0092714
1.3375 0.256746 0.00891834
1.3625 0.237566 0.00861683
1.3875 0.227164 0.00894919
1.4125 0.217344 0.00840062
1.4375 0.199221 0.00830021
1.4625 0.187582 0.00796137
1.4875 0.170967 0.00728403
1.5125 0.156402 0.00653731
1.5375 0.143033 0.00573757
1.5625 0.1305 0.00492398
1.5875 0.116246 0.00479792
1.6125 0.104189 0.00471243
1.6375 0.093582 0.00463867
1.6625 0.0851721 0.0043356
1.6875 0.0752541 0.00396207
1.7125 0.0669836 0.00354867
1.7375 0.0590164 0.00291603
1.7625 0.051541 0.00276443
1.7875 0.0454836 0.00255345
1.8125 0.040082 0.00220522
1.8375 0.0336557 0.00175046
1.8625 0.0283525 0.00165997
1.8875 0.0238115 0.00167313
1.9125 0.0212213 0.00123188
1.9375 0.0175984 0.00110235
1.9625 0.0143689 0.00116781
1.9875 0.011623 0.000922916
2.0125 0.00890164 0.000742978
2.0375 0.0077623 0.000766932
2.0625 0.00602459 0.000669414
2.0875 0.0049918 0.000543644
2.1125 0.00394262 0.000570774
2.1375 0.00348361 0.000593782
2.1625 0.00272131 0.000405783
2.1875 0.00236885 0.000404469
2.2125 0.0017459 0.00029696
2.2375 0.00131967 0.000250094
2.2625 0.000909836 0.000159983
2.2875 0.000565574 0.00011905
2.3125 0.000721311 0.000212926
2.3375 0.000377049 8.20491e-05
2.3625 0.000327869 8.97906e-05
2.3875 0.000229508 7.45857e-05
2.4125 0.000180328 6.94548e-05
2.4375 0.000245902 9.16421e-05
2.4625 0.000147541 5.66701e-05
2.4875 0.000106557 5.59242e-05
2.5125 0.000114754 5.06608e-05
2.5375 5.7377e-05 4.06131e-05
2.5625 3.27869e-05 2.19941e-05
2.5875 0 0
2.6125 8.19672e-06 7.98918e-06
2.6375 8.19672e-06 7.98918e-06
2.6625 1.63934e-05 1.59784e-05
2.6875 1.63934e-05 1.59784e-05
2.7125 8.19672e-06 7.98918e-06
2.7375 8.19672e-06 7.98918e-06
2.7625 0 0
2.7875 0 0
2.8125 0 0
2.8375 0 0
2.8625 0 0
2.8875 0 0
2.9125 0 0
2.9375 0 0
2.9625 0 0
2.9875 0 0
3.0125 0 0
3.0375 0 0
3.0625 0 0
3.0875 0 0
3.1125 0 0
3.1375 0 0
3.1625 0 0
3.1875 0 0
3.2125 0 0
3.2375 0 0
3.2625 0 0
3.2875 0 0
3.3125 0 0
3.3375 0 0
3.3625 0 0
3.3875 0 0
3.4125 0 0
3.4375 0 0
3.4625 0 0
3.4875 0 0
3.5125 0 0
3.5375 0 0
3.5625 0 0
3.5875 0 0
3.6125 0 0
3.6375 0 0
3.6625 0 0
3.6875 0 0
3.7125 0 0
3.7375 0 0
3.7625 0 0
3.7875 0 0
3.8125 0 0
3.8375 0 0
3.8625 0 0
3.8875 0 0
3.9125 0 0
3.9375 0 0
3.9625 0 0
3.9875 0 0
4.0125 0 0
4.0375 0 0
4.0625 0 0
4.0875 0 0
4.1125 0 0
4.1375 0 0
4.1625 0 0
4.1875 0 0
4.2125 0 0
4.2375 0 0
4.2625 0 0
4.2875 0 0
4.3125 0 0
4.3375 0 0
4.3625 0 0
4.3875 0 0
4.4125 0 0
4.4375 0 0
4.4625 0 0
4.4875 0 0
4.5125 0 0
4.5375 0 0
4.5625 0 0
4.5875 0 0
4.6125 0 0
4.6375 0 0
4.6625 0 0
4.6875 0 0
4.7125 0 0
4.7375 0 0
4.7625 0 0
4.7875 0 0
4.8125 0 0
4.8375 0 0
4.8625 0 0
4.8875 0 0
4.9125 0 0
4.9375 0 0
4.9625 0 0
4.9875 0 0
