-4.9875 0 0
-4.9625 0 0
-4.9375 0 0
-4.9125 0 0
-4.8875 0 0
-4.8625 0 0
-4.8375 0 0
-4.8125 0 0
-4.7875 0 0
-4.7625 0 0
-4.7375 0 0
-4.7125 0 0
-4.6875 0 0
-4.6625 0 0
-4.6375 0 0
-4.6125 0 0
-4.5875 0 0
-4.5625 0 0
-4.5375 0 0
-4.5125 0 0
-4.4875 0 0
-4.4625 0 0
-4.4375 0 0
-4.4125 0 0
-4.3875 0 0
-4.3625 0 0
-4.3375 0 0
-4.3125 0 0
-4.2875 0 0
-4.2625 0 0
-4.2375 0 0
-4.2125 0 0
-4.1875 0 0
-4.1625 0 0
-4.1375 0 0
-4.1125 0 0
-4.0875 0 0
-4.0625 0 0
-4.0375 0 0
-4.0125 0 0
-3.9875 0 0
-3.9625 0 0
-3.9375 0 0
-3.9125 0 0
-3.8875 0 0
-3.8625 0 0
-3.8375 0 0
-3.8125 0 0
-3.7875 0 0
-3.7625 0 0
-3.7375 0 0
-3.7125 0 0
-3.6875 0 0
-3.6625 0 0
-3.6375 0 0
-3.6125 0 0
-3.5875 0 0
-3.5625 0 0
-3.5375 0 0
-3.5125 0 0
-3.4875 0 0
-3.4625 0 0
-3.4375 0 0
-3.4125 0 0
-3.3875 0 0
-3.3625 0 0
-3.3375 0 0
-3.3125 0 0
-3.2875 0 0
-3.2625 0 0
-3.2375 0 0
-3.2125 0 0
-3.1875 0 0
-3.1625 0 0
-3.1375 0 0
-3.1125 0 0
-3.0875 0 0
-3.0625 0 0
-3.0375 0 0
-3.0125 0 0
-2.9875 0 0
-2.9625 0 0
-2.9375 0 0
-2.9125 0 0
-2.8875 0 0
-2.8625 0 0
-2.8375 0 0
-2.8125 0 0
-2.7875 0 0
-2.7625 0 0
-2.7375 0 0
-2.7125 0 0
-2.6875 0 0
-2.6625 0 0
-2.6375 0 0
-2.6125 0 0
-2.5875 0 0
-2.5625 0 0
-2.5375 1.63934e-05 1.59784e-05
-2.5125 8.19672e-05 6.50595e-05
-2.4875 0.000172131 0.00011905
-2.4625 0.000295082 0.000206258
-2.4375 0.000311475 0.000214027
-2.4125 0.000270492 0.000181544
-2.3875 0.000459016 0.000296354
-2.3625 0.000442623 0.000275073
-2.3375 0.000459016 0.000229391
-2.3125 0.000532787 0.000231222
-2.2875 0.000762295 0.000256146
-2.2625 0.000680328 0.000210346
-2.2375 0.00131967 0.000394036
-2.2125 0.00122131 0.000297457
-2.1875 0.0012377 0.000288048
-2.1625 0.00121311 0.000306123
-2.1375 0.00220492 0.000475194
-2.1125 0.00355738 0.00061285
-2.0875 0.0047541 0.000725861
-2.0625 0.00557377 0.000741883
-2.0375 0.00658197 0.000902256
-2.0125 0.00757377 0.0010744
-1.9875 0.00885246 0.00140965
-1.9625 0.0112787 0.00167252
-1.9375 0.0124508 0.00158129
-1.9125 0.0150082 0.00169625
-1.8875 0.0170082 0.00173832
-1.8625 0.0192049 0.00181047
-1.8375 0.0223115 0.00206625
-1.8125 0.0258852 0.00238661
-1.7875 0.0309672 0.00276668
-1.7625 0.0361721 0.00313844
-1.7375 0.0429016 0.00370396
-1.7125 0.0490246 0.00397269
-1.6875 0.055541 0.00320018
-1.6625 0.0625902 0.00342928
-1.6375 0.0672787 0.00377139
-1.6125 0.0787869 0.00416292
-1.5875 0.0867213 0.00413674
-1.5625 0.0948279 0.00344757
-1.5375 0.105631 0.00445488
-1.5125 0.115705 0.00389827
-1.4875 0.125238 0.00428717
-1.4625 0.136902 0.00415112
-1.4375 0.153713 0.0048788
-1.4125 0.168016 0.00471647
-1.3875 0.182951 0.00432346
-1.3625 0.201615 0.00470578
-1.3375 0.21059 0.00597743
-1.3125 0.225049 0.00684048
-1.2875 0.2385 0.00712897
-1.2625 0.252951 0.0058812
-1.2375 0.267467 0.00632536
-1.2125 0.283566 0.00537681
-1.1875 0.297861 0.0068649
-1.1625 0.307762 0.00711659
-1.1375 0.32159 0.00759272
-1.1125 0.332434 0.00708076
-1.0875 0.351221 0.00743279
-1.0625 0.35632 0.00786445
-1.0375 0.367123 0.00756309
-1.0125 0.370705 0.00688773
-0.9875 0.381664 0.00755332
-0.9625 0.390623 0.007005
-0.9375 0.398041 0.00680751
-0.9125 0.40959 0.00827898
-0.8875 0.410131 0.00720216
-0.8625 0.409205 0.00787469
-0.8375 0.410057 0.00707523
-0.8125 0.410885 0.00615071
-0.7875 0.415803 0.00586749
-0.7625 0.415885 0.0065644
-0.7375 0.41568 0.00706345
-0.7125 0.411762 0.00786859
-0.6875 0.403492 0.0067912
-0.6625 0.398049 0.0073276
-0.6375 0.395221 0.00781383
-0.6125 0.387369 0.00680499
-0.5875 0.383836 0.00656838
-0.5625 0.382328 0.00608944
-0.5375 0.376336 0.00581829
-0.5125 0.367254 0.00590418
-0.4875 0.363385 0.00670408
-0.4625 0.351541 0.00681449
-0.4375 0.346418 0.00696794
-0.4125 0.337984 0.00684
-0.3875 0.328615 0.00587198
-0.3625 0.329951 0.00590983
-0.3375 0.323475 0.00512742
-0.3125 0.317672 0.00613522
-0.2875 0.309697 0.00642113
-0.2625 0.301811 0.0061189
-0.2375 0.300549 0.00491481
-0.2125 0.296828 0.00423632
-0.1875 0.289205 0.00513544
-0.1625 0.284951 0.00586202
-0.1375 0.276959 0.00691521
-0.1125 0.26918 0.00620249
-0.0875 0.26759 0.00591348
-0.0625 0.267393 0.00453989
-0.0375 0.26382 0.00555773
-0.0125 0.267484 0.00415892
0.0125 0.263434 0.00390721
0.0375 0.263762 0.00422693
0.0625 0.265984 0.00509086
0.0875 0.268934 0.00572249
0.1125 0.272746 0.00605007
0.1375 0.276328 0.00590508
0.1625 0.274303 0.00451259
0.1875 0.278352 0.00565223
0.2125 0.285344 0.00676234
0.2375 0.289246 0.00574906
0.2625 0.296803 0.00513698
0.2875 0.303811 0.00465976
0.3125 0.311992 0.00454966
0.3375 0.316393 0.00441815
0.3625 0.317828 0.00466885
0.3875 0.326123 0.00471441
0.4125 0.327426 0.00459787
0.4375 0.335197 0.00474892
0.4625 0.340328 0.00564092
0.4875 0.348525 0.00599994
0.5125 0.355795 0.00574576
0.5375 0.364082 0.00637215
0.5625 0.372705 0.00658623
0.5875 0.378549 0.00619254
0.6125 0.379762 0.0063794
0.6375 0.384598 0.00771098
0.6625 0.390877 0.00765247
0.6875 0.397844 0.00933704
0.7125 0.402115 0.00905089
0.7375 0.402721 0.00940212
0.7625 0.406738 0.00864186
0.7875 0.407426 0.00804125
0.8125 0.407516 0.00825019
0.8375 0.406656 0.00720343
0.8625 0.404557 0.00699968
0.8875 0.39927 0.00742684
0.9125 0.389869 0.00596186
0.9375 0.386279 0.00687408
0.9625 0.383844 0.00789466
0.9875 0.379451 0.00584014
1.0125 0.371623 0.00567653
1.0375 0.370213 0.00578742
1.0625 0.356975 0.00628541
1.0875 0.343803 0.00601317
1.1125 0.333402 0.00680477
1.1375 0.319951 0.00733399
1.1625 0.30523 0.00706312
1.1875 0.292525 0.00700354
1.2125 0.270393 0.00771639
1.2375 0.258082 0.00665872
1.2625 0.246754 0.00656324
1.2875 0.232803 0.0070429
1.3125 0.21759 0.00642622
1.3375 0.206033 0.00620743
1.3625 0.195082 0.00662045
1.3875 0.178861 0.0057329
1.4125 0.164934 0.00523061
1.4375 0.151082 0.00530191
1.4625 0.137475 0.0040814
1.4875 0.124311 0.00405517
1.5125 0.115025 0.00395529
1.5375 0.105 0.00356499
1.5625 0.0934426 0.00347172
1.5875 0.0871885 0.00384938
1.6125 0.0756885 0.00411031
1.6375 0.0640738 0.00399106
1.6625 0.0570164 0.00379471
1.6875 0.0525574 0.00342739
1.7125 0.0475492 0.00396646
1.7375 0.0410246 0.00370939
1.7625 0.0327049 0.0030521
1.7875 0.028582 0.00235653
1.8125 0.0246066 0.00228895
1.8375 0.0199836 0.00214416
1.8625 0.0173033 0.00179358
1.8875 0.0142049 0.0016292
1.9125 0.0115656 0.00124792
1.9375 0.0106721 0.00107461
1.9625 0.00859016 0.00107032
1.9875 0.00689344 0.000958664
2.0125 0.00508197 0.000827747
2.0375 0.00440984 0.000693861
2.0625 0.00332787 0.000599326
2.0875 0.00281148 0.000479949
2.1125 0.0027377 0.000652976
2.1375 0.00218852 0.000599681
2.1625 0.00159016 0.00051543
2.1875 0.00106557 0.000430542
2.2125 0.000901639 0.000278085
2.2375 0.00092623 0.000282109
2.2625 0.000639344 0.000247237
2.2875 0.00045082 0.000217136
2.3125 0.000418033 0.000201604
2.3375 0.000483607 0.000216392
2.3625 0.000377049 0.000184417
2.3875 0.000245902 0.000148675
2.4125 9.01639e-05 5.37182e-05
2.4375 0.000106557 0.000103859
2.4625 0.000114754 0.000111848
2.4875 3.27869e-05 3.19567e-05
2.5125 8.19672e-06 7.98918e-06
2.5375 1.63934e-05 1.59784e-05
2.5625 0 0
2.5875 0 0
2.6125 2.45902e-05 2.39675e-05
2.6375 0.000114754 0.000111848
2.6625 9.83607e-05 9.58701e-05
2.6875 0.000106557 0.000103859
2.7125 0.000139344 0.000135816
2.7375 1.63934e-05 1.59784e-05
2.7625 0 0
2.7875 0 0
2.8125 0 0
2.8375 0 0
2.8625 0 0
2.8875 0 0
2.9125 0 0
2.9375 0 0
2.9625 0 0
2.9875 0 0
3.0125 0 0
3.0375 0 0
3.0625 0 0
3.0875 0 0
3.1125 0 0
3.1375 0 0
3.1625 0 0
3.1875 0 0
3.2125 0 0
3.2375 0 0
3.2625 0 0
3.2875 0 0
3.3125 0 0
3.3375 0 0
3.3625 0 0
3.3875 0 0
3.4125 0 0
3.4375 0 0
3.4625 0 0
3.4875 0 0
3.5125 0 0
3.5375 0 0
3.5625 0 0
3.5875 0 0
3.6125 0 0
3.6375 0 0
3.6625 0 0
3.6875 0 0
3.7125 0 0
3.7375 0 0
3.7625 0 0
3.7875 0 0
3.8125 0 0
3.8375 0 0
3.8625 0 0
3.8875 0 0
3.9125 0 0
3.9375 0 0
3.9625 0 0
3.9875 0 0
4.0125 0 0
4.0375 0 0
4.0625 0 0
4.0875 0 0
4.1125 0 0
4.1375 0 0
4.1625 0 0
4.1875 0 0
4.2125 0 0
4.2375 0 0
4.2625 0 0
4.2875 0 0
4.3125 0 0
4.3375 0 0
4.3625 0 0
4.3875 0 0
4.4125 0 0
4.4375 0 0
4.4625 0 0
4.4875 0 0
4.5125 0 0
4.5375 0 0
4.5625 0 0
4.5875 0 0
4.6125 0 0
4.6375 0 0
4.6625 0 0
4.6875 0 0
4.7125 0 0
4.7375 0 0
4.7625 0 0
4.7875 0 0
4.8125 0 0
4.8375 0 0
4.8625 0 0
4.8875 0 0
4.9125 0 0
4.9375 0 0
4.9625 0 0
4.9875 0 0
