-4.9875 0 0
-4.9625 0 0
-4.9375 0 0
-4.9125 0 0
-4.8875 0 0
-4.8625 0 0
-4.8375 0 0
-4.8125 0 0
-4.7875 0 0
-4.7625 0 0
-4.7375 0 0
-4.7125 0 0
-4.6875 0 0
-4.6625 0 0
-4.6375 0 0
-4.6125 0 0
-4.5875 0 0
-4.5625 0 0
-4.5375 0 0
-4.5125 0 0
-4.4875 0 0
-4.4625 0 0
-4.4375 0 0
-4.4125 0 0
-4.3875 0 0
-4.3625 0 0
-4.3375 0 0
-4.3125 0 0
-4.2875 0 0
-4.2625 0 0
-4.2375 0 0
-4.2125 0 0
-4.1875 0 0
-4.1625 0 0
-4.1375 0 0
-4.1125 0 0
-4.0875 0 0
-4.0625 0 0
-4.0375 0 0
-4.0125 0 0
-3.9875 0 0
-3.9625 0 0
-3.9375 0 0
-3.9125 0 0
-3.8875 0 0
-3.8625 0 0
-3.8375 0 0
-3.8125 0 0
-3.7875 0 0
-3.7625 0 0
-3.7375 0 0
-3.7125 0 0
-3.6875 0 0
-3.6625 0 0
-3.6375 0 0
-3.6125 0 0
-3.5875 0 0
-3.5625 0 0
-3.5375 0 0
-3.5125 0 0
-3.4875 0 0
-3.4625 0 0
-3.4375 0 0
-3.4125 0 0
-3.3875 0 0
-3.3625 0 0
-3.3375 0 0
-3.3125 0 0
-3.2875 0 0
-3.2625 0 0
-3.2375 0 0
-3.2125 0 0
-3.1875 0 0
-3.1625 0 0
-3.1375 0 0
-3.1125 0 0
-3.0875 0 0
-3.0625 0 0
-3.0375 0 0
-3.0125 0 0
-2.9875 0 0
-2.9625 0 0
-2.9375 0 0
-2.9125 0 0
-2.8875 0 0
-2.8625 0 0
-2.8375 0 0
-2.8125 0 0
-2.7875 0 0
-2.7625 0 0
-2.7375 0 0
-2.7125 0 0
-2.6875 0 0
-2.6625 0 0
-2.6375 0 0
-2.6125 0 0
-2.5875 0 0
-2.5625 0 0
-2.5375 0 0
-2.5125 8.19672e-06 7.98918e-06
-2.4875 1.63934e-05 1.09971e-05
-2.4625 2.45902e-05 1.74842e-05
-2.4375 8.19672e-05 5.7377e-05
-2.4125 7.37705e-05 3.16928e-05
-2.3875 0.000139344 4.5305e-05
-2.3625 4.91803e-05 2.34718e-05
-2.3375 0.000114754 3.49684e-05
-2.3125 0.000196721 5.63133e-05
-2.2875 0.000278689 5.19701e-05
-2.2625 0.000336066 7.00088e-05
-2.2375 0.00042623 6.17752e-05
-2.2125 0.000672131 7.13633e-05
-2.1875 0.000934426 0.000124363
-2.1625 0.00139344 0.000139344
-2.1375 0.0017541 0.000101122
-2.1125 0.00179508 0.000179385
-2.0875 0.00240164 0.000199864
-2.0625 0.00328689 0.000239388
-2.0375 0.00422131 0.000288374
-2.0125 0.00522131 0.000280676
-1.9875 0.00629508 0.000369562
-1.9625 0.00764754 0.000306096
-1.9375 0.0102049 0.000376313
-1.9125 0.0117377 0.000528215
-1.8875 0.0135492 0.000524881
-1.8625 0.0173443 0.000526074
-1.8375 0.0197459 0.000749942
-1.8125 0.0234754 0.000713689
-1.7875 0.0279344 0.000965364
-1.7625 0.0333934 0.00114415
-1.7375 0.039123 0.00115433
-1.7125 0.0452295 0.00118759
-1.6875 0.0523607 0.00120145
-1.6625 0.0586721 0.00159834
-1.6375 0.0682869 0.00169216
-1.6125 0.0764508 0.00252375
-1.5875 0.0852295 0.00213026
-1.5625 0.0955328 0.00245272
-1.5375 0.108164 0.00288631
-1.5125 0.120492 0.00304764
-1.4875 0.13259 0.00325672
-1.4625 0.143967 0.00333202
-1.4375 0.157352 0.00418171
-1.4125 0.171926 0.00413773
-1.3875 0.184402 0.00461909
-1.3625 0.198672 0.00383172
-1.3375 0.213098 0.00478288
-1.3125 0.226828 0.00469514
-1.2875 0.242352 0.00581603
-1.2625 0.253475 0.00507942
-1.2375 0.267811 0.00523987
-1.2125 0.282066 0.00623637
-1.1875 0.28873 0.00635247
-1.1625 0.305803 0.00673641
-1.1375 0.31759 0.006243
-1.1125 0.327967 0.00546402
-1.0875 0.338803 0.00696151
-1.0625 0.346943 0.0060195
-1.0375 0.359238 0.00510975
-1.0125 0.368402 0.00631789
-0.9875 0.372861 0.00658734
-0.9625 0.37723 0.00637426
-0.9375 0.382311 0.00649198
-0.9125 0.385877 0.00546549
-0.8875 0.391295 0.00606922
-0.8625 0.390639 0.00487008
-0.8375 0.394443 0.00548798
-0.8125 0.394582 0.00544859
-0.7875 0.39327 0.00501659
-0.7625 0.391287 0.00511279
-0.7375 0.390959 0.00436723
-0.7125 0.390139 0.00482051
-0.6875 0.3905 0.00511769
-0.6625 0.380352 0.00484409
-0.6375 0.381574 0.00354088
-0.6125 0.377557 0.00376839
-0.5875 0.374443 0.00321328
-0.5625 0.37032 0.00367715
-0.5375 0.367951 0.00316471
-0.5125 0.361033 0.00265427
-0.4875 0.358107 0.00331886
-0.4625 0.35559 0.00273579
-0.4375 0.349148 0.00342859
-0.4125 0.343967 0.00309599
-0.3875 0.34341 0.00326167
-0.3625 0.337967 0.00311836
-0.3375 0.334123 0.00243492
-0.3125 0.33282 0.0031084
-0.2875 0.325779 0.00371826
-0.2625 0.321295 0.0030023
-0.2375 0.318516 0.00335013
-0.2125 0.312139 0.00265719
-0.1875 0.31273 0.00321222
-0.1625 0.311582 0.00291553
-0.1375 0.306918 0.00362606
-0.1125 0.305975 0.00319128
-0.0875 0.306393 0.00303606
-0.0625 0.305 0.00306339
-0.0375 0.304623 0.00365233
-0.0125 0.30268 0.0032576
0.0125 0.305926 0.00258181
0.0375 0.302656 0.00234657
0.0625 0.305869 0.00276776
0.0875 0.306418 0.00303669
0.1125 0.309221 0.00281845
0.1375 0.308246 0.00269165
0.1625 0.310705 0.00315432
0.1875 0.313918 0.00229197
0.2125 0.314492 0.00268711
0.2375 0.319016 0.00316168
0.2625 0.317484 0.00273602
0.2875 0.323492 0.00275625
0.3125 0.32527 0.00267819
0.3375 0.329557 0.00332791
0.3625 0.331377 0.00378576
0.3875 0.339803 0.00319554
0.4125 0.339803 0.00387421
0.4375 0.346197 0.00330601
0.4625 0.347762 0.00396337
0.4875 0.353066 0.00433607
0.5125 0.358344 0.00358115
0.5375 0.363156 0.00409567
0.5625 0.362361 0.0048708
0.5875 0.368451 0.00491803
0.6125 0.373156 0.00477613
0.6375 0.374918 0.00490883
0.6625 0.380098 0.00483025
0.6875 0.382852 0.00544997
0.7125 0.383459 0.00497932
0.7375 0.386697 0.00536518
0.7625 0.384262 0.00503967
0.7875 0.386631 0.00539335
0.8125 0.384926 0.00562537
0.8375 0.38318 0.00549403
0.8625 0.377754 0.00522207
0.8875 0.379279 0.00668117
0.9125 0.374852 0.00668355
0.9375 0.370779 0.00524113
0.9625 0.362656 0.00548825
0.9875 0.362057 0.00585554
1.0125 0.3525 0.00594527
1.0375 0.34823 0.00557321
1.0625 0.336369 0.00634011
1.0875 0.327385 0.00596985
1.1125 0.317787 0.00532714
1.1375 0.307418 0.00557903
1.1625 0.292943 0.00574213
1.1875 0.280656 0.00508394
1.2125 0.268738 0.00538252
1.2375 0.260057 0.00573282
1.2625 0.243352 0.00473869
1.2875 0.227295 0.00504485
1.3125 0.217377 0.00421739
1.3375 0.207049 0.00411144
1.3625 0.187393 0.00383442
1.3875 0.177582 0.00371423
1.4125 0.16223 0.00305438
1.4375 0.150541 0.00269392
1.4625 0.138197 0.0026525
1.4875 0.125885 0.00283819
1.5125 0.1145 0.0020368
1.5375 0.103164 0.00232905
1.5625 0.0920328 0.00172133
1.5875 0.0833689 0.00190335
1.6125 0.0745164 0.00172051
1.6375 0.0642541 0.00149753
1.6625 0.0573033 0.00132663
1.6875 0.0490164 0.0013227
1.7125 0.0417377 0.000985817
1.7375 0.0371475 0.00086594
1.7625 0.0310656 0.000718932
1.7875 0.0263115 0.000892916
1.8125 0.0225 0.000653261
1.8375 0.0193934 0.000601228
1.8625 0.0165164 0.000423204
1.8875 0.0137131 0.000477423
1.9125 0.0109098 0.000363527
1.9375 0.00889344 0.000461189
1.9625 0.00712295 0.000436274
1.9875 0.00585246 0.000340948
2.0125 0.00508197 0.000252374
2.0375 0.0037623 0.000208485
2.0625 0.00286066 0.000164946
2.0875 0.0022623 0.000179431
2.1125 0.00219672 0.000198218
2.1375 0.0015082 0.000135977
2.1625 0.00108197 0.00013084
2.1875 0.000696721 0.000104889
2.2125 0.000663934 7.46532e-05
2.2375 0.000418033 6.80624e-05
2.2625 0.000303279 4.95546e-05
2.2875 0.000319672 5.85076e-05
2.3125 0.000213115 5.06608e-05
2.3375 0.000114754 3.68397e-05
2.3625 8.19672e-05 2.71854e-05
2.3875 6.55738e-05 2.13744e-05
2.4125 7.37705e-05 2.71236e-05
2.4375 5.7377e-05 2.09778e-05
2.4625 3.27869e-05 1.46627e-05
2.4875 3.27869e-05 1.46627e-05
2.5125 8.19672e-06 7.98918e-06
2.5375 8.19672e-06 7.98918e-06
2.5625 0 0
2.5875 8.19672e-06 7.98918e-06
2.6125 0 0
2.6375 0 0
2.6625 0 0
2.6875 0 0
2.7125 0 0
2.7375 0 0
2.7625 0 0
2.7875 0 0
2.8125 0 0
2.8375 0 0
2.8625 0 0
2.8875 0 0
2.9125 0 0
2.9375 0 0
2.9625 0 0
2.9875 0 0
3.0125 0 0
3.0375 0 0
3.0625 0 0
3.0875 0 0
3.1125 0 0
3.1375 0 0
3.1625 0 0
3.1875 0 0
3.2125 0 0
3.2375 0 0
3.2625 0 0
3.2875 0 0
3.3125 0 0
3.3375 0 0
3.3625 0 0
3.3875 0 0
3.4125 0 0
3.4375 0 0
3.4625 0 0
3.4875 0 0
3.5125 0 0
3.5375 0 0
3.5625 0 0
3.5875 0 0
3.6125 0 0
3.6375 0 0
3.6625 0 0
3.6875 0 0
3.7125 0 0
3.7375 0 0
3.7625 0 0
3.7875 0 0
3.8125 0 0
3.8375 0 0
3.8625 0 0
3.8875 0 0
3.9125 0 0
3.9375 0 0
3.9625 0 0
3.9875 0 0
4.0125 0 0
4.0375 0 0
4.0625 0 0
4.0875 0 0
4.1125 0 0
4.1375 0 0
4.1625 0 0
4.1875 0 0
4.2125 0 0
4.2375 0 0
4.2625 0 0
4.2875 0 0
4.3125 0 0
4.3375 0 0
4.3625 0 0
4.3875 0 0
4.4125 0 0
4.4375 0 0
4.4625 0 0
4.4875 0 0
4.5125 0 0
4.5375 0 0
4.5625 0 0
4.5875 0 0
4.6125 0 0
4.6375 0 0
4.6625 0 0
4.6875 0 0
4.7125 0 0
4.7375 0 0
4.7625 0 0
4.7875 0 0
4.8125 0 0
4.8375 0 0
4.8625 0 0
4.8875 0 0
4.9125 0 0
4.9375 0 0
4.9625 0 0
4.9875 0 0
