-4.9875 0 0
-4.9625 0 0
-4.9375 0 0
-4.9125 0 0
-4.8875 0 0
-4.8625 0 0
-4.8375 0 0
-4.8125 0 0
-4.7875 0 0
-4.7625 0 0
-4.7375 0 0
-4.7125 0 0
-4.6875 0 0
-4.6625 0 0
-4.6375 0 0
-4.6125 0 0
-4.5875 0 0
-4.5625 0 0
-4.5375 0 0
-4.5125 0 0
-4.4875 0 0
-4.4625 0 0
-4.4375 0 0
-4.4125 0 0
-4.3875 0 0
-4.3625 0 0
-4.3375 0 0
-4.3125 0 0
-4.2875 0 0
-4.2625 0 0
-4.2375 0 0
-4.2125 0 0
-4.1875 0 0
-4.1625 0 0
-4.1375 0 0
-4.1125 0 0
-4.0875 0 0
-4.0625 0 0
-4.0375 0 0
-4.0125 0 0
-3.9875 0 0
-3.9625 0 0
-3.9375 0 0
-3.9125 0 0
-3.8875 0 0
-3.8625 0 0
-3.8375 0 0
-3.8125 0 0
-3.7875 0 0
-3.7625 0 0
-3.7375 0 0
-3.7125 0 0
-3.6875 0 0
-3.6625 0 0
-3.6375 0 0
-3.6125 0 0
-3.5875 0 0
-3.5625 0 0
-3.5375 0 0
-3.5125 0 0
-3.4875 0 0
-3.4625 0 0
-3.4375 0 0
-3.4125 0 0
-3.3875 0 0
-3.3625 0 0
-3.3375 0 0
-3.3125 0 0
-3.2875 0 0
-3.2625 0 0
-3.2375 0 0
-3.2125 0 0
-3.1875 0 0
-3.1625 0 0
-3.1375 0 0
-3.1125 0 0
-3.0875 0 0
-3.0625 0 0
-3.0375 0 0
-3.0125 0 0
-2.9875 0 0
-2.9625 0 0
-2.9375 0 0
-2.9125 0 0
-2.8875 0 0
-2.8625 0 0
-2.8375 0 0
-2.8125 0 0
-2.7875 0 0
-2.7625 0 0
-2.7375 0 0
-2.7125 0 0
-2.6875 0 0
-2.6625 0 0
-2.6375 1.63934e-05 1.59784e-05
-2.6125 4.09836e-05 3.25297e-05
-2.5875 2.45902e-05 1.74842e-05
-2.5625 6.55738e-05 3.73828e-05
-2.5375 5.7377e-05 3.5303e-05
-2.5125 8.19672e-05 4.41407e-05
-2.4875 0.000106557 5.08923e-05
-2.4625 9.83607e-05 3.15334e-05
-2.4375 0.000254098 8.78809e-05
-2.4125 0.00045082 0.000116425
-2.3875 0.000647541 0.000212317
-2.3625 0.000877049 0.00024101
-2.3375 0.00107377 0.000217939
-2.3125 0.00158197 0.000248693
-2.2875 0.002 0.000254389
-2.2625 0.00231148 0.000302924
-2.2375 0.00339344 0.000440203
-2.2125 0.00356557 0.000497761
-2.1875 0.00466393 0.000594754
-2.1625 0.006 0.000647323
-2.1375 0.00664754 0.000556831
-2.1125 0.00804098 0.000688961
-2.0875 0.00972131 0.000793102
-2.0625 0.0128852 0.000920401
-2.0375 0.0143443 0.000890052
-2.0125 0.0177951 0.00106737
-1.9875 0.0214754 0.00127774
-1.9625 0.025582 0.00127882
-1.9375 0.0294344 0.00153673
-1.9125 0.0346967 0.00191478
-1.8875 0.0404918 0.0020314
-1.8625 0.0470738 0.00244219
-1.8375 0.0542049 0.00309151
-1.8125 0.0620738 0.00360639
-1.7875 0.0724426 0.00400708
-1.7625 0.0802705 0.00437893
-1.7375 0.0882869 0.0045861
-1.7125 0.0990164 0.00509623
-1.6875 0.110311 0.00561854
-1.6625 0.121951 0.00567953
-1.6375 0.130434 0.00627838
-1.6125 0.14159 0.00635282
-1.5875 0.153984 0.00737361
-1.5625 0.167623 0.00796637
-1.5375 0.179639 0.00739429
-1.5125 0.195221 0.00850359
-1.4875 0.209033 0.00796922
-1.4625 0.22077 0.00816334
-1.4375 0.232943 0.00875899
-1.4125 0.247508 0.00836306
-1.3875 0.260664 0.00896612
-1.3625 0.273344 0.0101512
-1.3375 0.284762 0.0103644
-1.3125 0.296451 0.0108255
-1.2875 0.307844 0.0123476
-1.2625 0.315746 0.0121145
-1.2375 0.324779 0.0115765
-1.2125 0.336934 0.0111486
-1.1875 0.34282 0.00963959
-1.1625 0.348008 0.00976324
-1.1375 0.354148 0.0102984
-1.1125 0.35991 0.0103945
-1.0875 0.361975 0.0100398
-1.0625 0.363992 0.00913692
-1.0375 0.366713 0.00936278
-1.0125 0.364795 0.00998675
-0.9875 0.368639 0.00874695
-0.9625 0.371205 0.00965014
-0.9375 0.367393 0.00920575
-0.9125 0.362361 0.00909837
-0.8875 0.367189 0.00868389
-0.8625 0.36377 0.0073847
-0.8375 0.36109 0.00704627
-0.8125 0.360148 0.00680866
-0.7875 0.354246 0.00638556
-0.7625 0.350385 0.00685362
-0.7375 0.345738 0.00693511
-0.7125 0.342016 0.00661004
-0.6875 0.336934 0.00638376
-0.6625 0.331828 0.00772384
-0.6375 0.326057 0.00592877
-0.6125 0.322066 0.00629974
-0.5875 0.317623 0.00560715
-0.5625 0.313746 0.00512737
-0.5375 0.310148 0.00606924
-0.5125 0.299467 0.00586433
-0.4875 0.300885 0.0052678
-0.4625 0.290172 0.0058329
-0.4375 0.288393 0.0055562
-0.4125 0.284025 0.0057001
-0.3875 0.277197 0.00505608
-0.3625 0.275041 0.00483952
-0.3375 0.26823 0.00486585
-0.3125 0.264582 0.00536025
-0.2875 0.263074 0.00493757
-0.2625 0.259795 0.00516496
-0.2375 0.258131 0.00540562
-0.2125 0.25709 0.00500724
-0.1875 0.255402 0.00622459
-0.1625 0.253082 0.006239
-0.1375 0.250205 0.00544073
-0.1125 0.245377 0.00547791
-0.0875 0.246016 0.00527135
-0.0625 0.249279 0.00511544
-0.0375 0.245623 0.00519662
-0.0125 0.245885 0.0059606
0.0125 0.244246 0.00602845
0.0375 0.244377 0.00558699
0.0625 0.2455 0.00502151
0.0875 0.247287 0.00583055
0.1125 0.246828 0.00598195
0.1375 0.251762 0.00609306
0.1625 0.251254 0.00596903
0.1875 0.254287 0.00566145
0.2125 0.257984 0.00608587
0.2375 0.261221 0.00614979
0.2625 0.263328 0.00597467
0.2875 0.266754 0.00592348
0.3125 0.267262 0.00541055
0.3375 0.273156 0.00561296
0.3625 0.275582 0.00547427
0.3875 0.276705 0.00522434
0.4125 0.284352 0.00539478
0.4375 0.285148 0.00531507
0.4625 0.289115 0.00571047
0.4875 0.293574 0.00592333
0.5125 0.295074 0.00603489
0.5375 0.299631 0.00641452
0.5625 0.301451 0.0058792
0.5875 0.307213 0.00609501
0.6125 0.313664 0.00629563
0.6375 0.317508 0.00635008
0.6625 0.321016 0.0056339
0.6875 0.328475 0.00559104
0.7125 0.328623 0.00701058
0.7375 0.333361 0.00660096
0.7625 0.338467 0.00735771
0.7875 0.339123 0.00770836
0.8125 0.343648 0.00708735
0.8375 0.346197 0.00777471
0.8625 0.347074 0.00700203
0.8875 0.348697 0.00727368
0.9125 0.352148 0.00834036
0.9375 0.35227 0.00838141
0.9625 0.355164 0.00921612
0.9875 0.353598 0.00895397
1.0125 0.352746 0.00894827
1.0375 0.351721 0.00895557
1.0625 0.351967 0.00885393
1.0875 0.348352 0.00837417
1.1125 0.343418 0.00886494
1.1375 0.340197 0.0078855
1.1625 0.332852 0.00897705
1.1875 0.326992 0.00883934
1.2125 0.320066 0.00891091
1.2375 0.313238 0.00804904
1.2625 0.304541 0.00858958
1.2875 0.293541 0.00853937
1.3125 0.281852 0.00885788
1.3375 0.274623 0.00878254
1.3625 0.260443 0.00889154
1.3875 0.245598 0.00809007
1.4125 0.237967 0.008079
1.4375 0.224451 0.00815641
1.4625 0.215311 0.00759604
1.4875 0.201754 0.00719754
1.5125 0.18732 0.00660558
1.5375 0.177033 0.00603604
1.5625 0.163189 0.00632358
1.5875 0.156328 0.00602569
1.6125 0.142246 0.00647035
1.6375 0.130352 0.00588281
1.6625 0.11859 0.00499937
1.6875 0.10923 0.00525895
1.7125 0.0963361 0.00429812
1.7375 0.0850164 0.00357941
1.7625 0.0765 0.0036095
1.7875 0.0677623 0.00329961
1.8125 0.0589016 0.00269424
1.8375 0.0534672 0.00271551
1.8625 0.0457951 0.00262124
1.8875 0.0388279 0.0019553
1.9125 0.0329262 0.00176316
1.9375 0.0276557 0.0014709
1.9625 0.0242131 0.00146674
1.9875 0.0206803 0.00132175
2.0125 0.0162459 0.00120433
2.0375 0.014418 0.00112594
2.0625 0.0121311 0.000937871
2.0875 0.0100082 0.000984322
2.1125 0.00772951 0.000811457
2.1375 0.00593443 0.000603292
2.1625 0.00479508 0.000641429
2.1875 0.00398361 0.000465138
2.2125 0.00315574 0.00043572
2.2375 0.00246721 0.000342006
2.2625 0.00205738 0.000370302
2.2875 0.00148361 0.000242178
2.3125 0.00120492 0.000207775
2.3375 0.000885246 0.000145431
2.3625 0.000745902 0.000203594
2.3875 0.000409836 0.000144551
2.4125 0.000409836 0.000125653
2.4375 0.000254098 8.47677e-05
2.4625 0.000188525 6.78647e-05
2.4875 5.7377e-05 3.5303e-05
2.5125 1.63934e-05 1.09971e-05
2.5375 3.27869e-05 1.86914e-05
2.5625 1.63934e-05 1.59784e-05
2.5875 2.45902e-05 2.39675e-05
2.6125 0 0
2.6375 0 0
2.6625 0 0
2.6875 0 0
2.7125 0 0
2.7375 0 0
2.7625 0 0
2.7875 0 0
2.8125 0 0
2.8375 0 0
2.8625 0 0
2.8875 0 0
2.9125 0 0
2.9375 0 0
2.9625 0 0
2.9875 0 0
3.0125 0 0
3.0375 0 0
3.0625 0 0
3.0875 0 0
3.1125 0 0
3.1375 0 0
3.1625 0 0
3.1875 0 0
3.2125 0 0
3.2375 0 0
3.2625 0 0
3.2875 0 0
3.3125 0 0
3.3375 0 0
3.3625 0 0
3.3875 0 0
3.4125 0 0
3.4375 0 0
3.4625 0 0
3.4875 0 0
3.5125 0 0
3.5375 0 0
3.5625 0 0
3.5875 0 0
3.6125 0 0
3.6375 0 0
3.6625 0 0
3.6875 0 0
3.7125 0 0
3.7375 0 0
3.7625 0 0
3.7875 0 0
3.8125 0 0
3.8375 0 0
3.8625 0 0
3.8875 0 0
3.9125 0 0
3.9375 0 0
3.9625 0 0
3.9875 0 0
4.0125 0 0
4.0375 0 0
4.0625 0 0
4.0875 0 0
4.1125 0 0
4.1375 0 0
4.1625 0 0
4.1875 0 0
4.2125 0 0
4.2375 0 0
4.2625 0 0
4.2875 0 0
4.3125 0 0
4.3375 0 0
4.3625 0 0
4.3875 0 0
4.4125 0 0
4.4375 0 0
4.4625 0 0
4.4875 0 0
4.5125 0 0
4.5375 0 0
4.5625 0 0
4.5875 0 0
4.6125 0 0
4.6375 0 0
4.6625 0 0
4.6875 0 0
4.7125 0 0
4.7375 0 0
4.7625 0 0
4.7875 0 0
4.8125 0 0
4.8375 0 0
4.8625 0 0
4.8875 0 0
4.9125 0 0
4.9375 0 0
4.9625 0 0
4.9875 0 0
