0 -0.456779 0.00982558
1 -0.466251 0.00986152
2 -0.476084 0.00927187
3 -0.485875 0.00926681
4 -0.49573 0.0089713
5 -0.503487 0.00900784
6 -0.511888 0.00830156
7 -0.519395 0.00812993
8 -0.528362 0.0083587
9 -0.537096 0.00822479
10 -0.54358 0.00782189
11 -0.549354 0.00815161
12 -0.55593 0.00820494
13 -0.561849 0.0079938
14 -0.568656 0.00775431
15 -0.571903 0.00781331
16 -0.577158 0.00771197
17 -0.583635 0.0074304
18 -0.590485 0.00718261
19 -0.595367 0.00723202
20 -0.599459 0.00706792
21 -0.604411 0.00685201
22 -0.608663 0.00713095
23 -0.614906 0.00683356
24 -0.620382 0.00693623
25 -0.624493 0.00680707
26 -0.628972 0.006598
27 -0.632592 0.00665602
28 -0.636948 0.00676348
29 -0.639605 0.00712765
30 -0.642316 0.00714226
31 -0.647687 0.00681866
32 -0.65157 0.00654091
33 -0.656271 0.00666154
34 -0.658775 0.00657675
35 -0.662486 0.00659582
36 -0.666123 0.00662289
37 -0.669782 0.00654523
38 -0.673408 0.00616453
39 -0.676811 0.00602435
40 -0.681124 0.005677
41 -0.683885 0.00605016
42 -0.686413 0.00608104
43 -0.688937 0.00605776
44 -0.690647 0.00623983
45 -0.692011 0.00622381
46 -0.694437 0.00578227
47 -0.697391 0.00584937
48 -0.700406 0.00560282
49 -0.701444 0.00603288
50 -0.704384 0.00599242
51 -0.7067 0.00596969
52 -0.708966 0.00610944
53 -0.711581 0.00583214
54 -0.713138 0.00584327
55 -0.71506 0.00597223
56 -0.717489 0.00608593
57 -0.719336 0.0060865
58 -0.720909 0.00627241
59 -0.722384 0.00602694
60 -0.724118 0.00596105
61 -0.725009 0.00602031
62 -0.725698 0.00566995
63 -0.728381 0.00596999
64 -0.728744 0.00540593
65 -0.73012 0.00536506
66 -0.731763 0.00527328
67 -0.734615 0.00494822
68 -0.736411 0.00488481
69 -0.737268 0.0048057
70 -0.737414 0.00480785
71 -0.738684 0.00466308
72 -0.74079 0.00466945
73 -0.743128 0.0047111
74 -0.743557 0.00478176
75 -0.744618 0.00467875
76 -0.746739 0.00464377
77 -0.748353 0.00474882
78 -0.748106 0.00450261
79 -0.748181 0.00433471
80 -0.748617 0.00410037
81 -0.749808 0.00427846
82 -0.751576 0.00407048
83 -0.750738 0.00416716
84 -0.752088 0.00433953
85 -0.75414 0.00419945
86 -0.75536 0.00436261
87 -0.755618 0.00430737
88 -0.756214 0.00431112
89 -0.75621 0.00434938
90 -0.757722 0.00433948
91 -0.759002 0.00430945
92 -0.759998 0.00414622
93 -0.761793 0.00387137
94 -0.761701 0.00360604
95 -0.762037 0.0035351
96 -0.762363 0.00330869
97 -0.763235 0.00325654
98 -0.762625 0.00300013
99 -0.764356 0.00297632
100 -0.76432 0.00301181
101 -0.764883 0.00314801
102 -0.765809 0.00291632
103 -0.76622 0.00304201
104 -0.767993 0.00326033
105 -0.768702 0.00303618
106 -0.768763 0.0029066
107 -0.76894 0.0031198
108 -0.769953 0.00323901
109 -0.771825 0.00361599
110 -0.771893 0.00366578
111 -0.771831 0.00358174
112 -0.77134 0.00393984
113 -0.770802 0.00376735
114 -0.769845 0.00367875
115 -0.769817 0.003759
116 -0.77033 0.00386951
117 -0.770888 0.00380283
118 -0.771867 0.00385028
119 -0.770308 0.00405901
120 -0.769993 0.00394704
121 -0.769709 0.00390816
122 -0.769422 0.00369966
123 -0.7704 0.00369879
124 -0.770682 0.00368571
125 -0.770974 0.00355023
126 -0.771468 0.00359714
127 -0.771483 0.00357267
128 -0.771984 0.00405275
129 -0.772676 0.00416868
130 -0.772676 0.00413126
131 -0.771829 0.00374853
132 -0.771105 0.00375589
133 -0.771299 0.00390046
134 -0.770967 0.00362607
135 -0.771008 0.00367527
136 -0.771357 0.00362749
137 -0.771855 0.00365352
138 -0.77203 0.00397701
139 -0.772257 0.00392569
140 -0.77245 0.00387413
141 -0.772943 0.00388382
142 -0.773664 0.00392266
143 -0.773488 0.00387494
144 -0.773197 0.00369181
145 -0.77289 0.00357948
146 -0.773069 0.00358467
147 -0.773486 0.00368249
148 -0.774557 0.00380463
149 -0.774937 0.00376738
150 -0.775047 0.00415413
151 -0.77482 0.00420135
152 -0.774732 0.00417908
153 -0.775513 0.00365305
154 -0.775228 0.00369718
155 -0.775769 0.00385545
156 -0.775286 0.0038232
157 -0.775933 0.00395113
158 -0.775251 0.00419815
159 -0.774838 0.00436921
160 -0.775428 0.00425864
161 -0.775187 0.00447205
162 -0.774743 0.00476195
163 -0.775076 0.00500632
164 -0.775193 0.00473268
165 -0.775803 0.00481709
166 -0.775999 0.00497842
167 -0.776313 0.00481872
168 -0.776588 0.00476556
169 -0.776496 0.00463911
170 -0.776477 0.00483355
171 -0.775532 0.00473675
172 -0.774993 0.00476054
173 -0.773891 0.00481687
174 -0.773967 0.00460085
175 -0.773082 0.00481732
176 -0.772009 0.00494115
177 -0.772743 0.00491153
178 -0.772747 0.00468968
179 -0.773167 0.00468237
180 -0.773047 0.00469437
181 -0.773333 0.00451012
182 -0.774124 0.0044264
183 -0.774179 0.00447443
184 -0.773897 0.00446595
185 -0.771429 0.00460538
186 -0.770249 0.00469468
187 -0.770196 0.00448561
188 -0.769064 0.00448928
189 -0.768733 0.00465199
190 -0.768038 0.0049244
191 -0.767121 0.00491021
192 -0.76643 0.00493192
193 -0.765056 0.0047072
194 -0.764662 0.00482357
195 -0.764817 0.00472455
196 -0.764686 0.00506422
197 -0.764878 0.00507004
198 -0.764719 0.00514685
199 -0.76393 0.00489877
200 -0.763244 0.00507368
201 -0.763142 0.00502293
202 -0.762533 0.00504707
203 -0.760853 0.00513093
204 -0.760475 0.00496862
205 -0.759547 0.00510243
206 -0.758695 0.00504586
207 -0.757713 0.00520539
208 -0.756315 0.00523968
209 -0.755278 0.00522361
210 -0.75461 0.00538187
211 -0.751743 0.00544487
212 -0.750575 0.00574212
213 -0.749654 0.005401
214 -0.749172 0.00527923
215 -0.74865 0.00550673
216 -0.747979 0.00556356
217 -0.746315 0.00554339
218 -0.745558 0.005467
219 -0.743534 0.00544641
220 -0.742435 0.00500328
221 -0.741978 0.00501383
222 -0.741261 0.00501182
223 -0.739287 0.0049264
224 -0.737953 0.00496916
225 -0.735542 0.00512282
226 -0.733843 0.00508891
227 -0.731951 0.00515321
228 -0.732808 0.0054316
229 -0.731187 0.00536159
230 -0.728796 0.00525377
231 -0.728183 0.00537029
232 -0.727006 0.00557413
233 -0.72395 0.00535015
234 -0.722311 0.00556048
235 -0.720795 0.00569125
236 -0.719694 0.00559447
237 -0.718812 0.00550962
238 -0.71794 0.00543355
239 -0.717363 0.00516983
240 -0.715362 0.00526947
241 -0.713495 0.00537096
242 -0.710337 0.00547113
243 -0.707887 0.00561253
244 -0.704964 0.00573981
245 -0.704041 0.00545591
246 -0.700611 0.00554383
247 -0.69844 0.00580096
248 -0.69531 0.00572337
249 -0.693734 0.00586911
250 -0.692083 0.00582047
251 -0.689217 0.00605289
252 -0.686798 0.00615472
253 -0.683628 0.00599852
254 -0.681175 0.00586321
255 -0.678797 0.00549455
256 -0.676881 0.00542446
257 -0.67297 0.00551305
258 -0.669788 0.00561339
259 -0.667318 0.00551055
260 -0.665326 0.00552677
261 -0.662154 0.00538947
262 -0.659246 0.00496894
263 -0.657787 0.00474294
264 -0.654487 0.00462131
265 -0.652397 0.00466228
266 -0.647914 0.00474444
267 -0.64402 0.00500676
268 -0.641094 0.00472096
269 -0.636823 0.00486211
270 -0.632066 0.00474015
271 -0.627673 0.00474416
272 -0.625171 0.00448416
273 -0.619552 0.0047515
274 -0.615997 0.00462798
275 -0.612321 0.00491778
276 -0.607695 0.00525336
277 -0.603554 0.00485475
278 -0.597986 0.0047931
279 -0.591701 0.00493318
280 -0.58645 0.0049672
281 -0.581729 0.00535538
282 -0.577267 0.0053498
283 -0.56967 0.00560122
284 -0.563994 0.00581074
285 -0.559817 0.00585651
286 -0.553593 0.00589793
287 -0.546456 0.00627114
288 -0.537871 0.00639588
289 -0.5295 0.0068148
290 -0.522635 0.00681957
291 -0.514648 0.00665223
292 -0.504958 0.00697477
293 -0.495608 0.00708539
294 -0.487214 0.00705286
295 -0.477453 0.00713033
296 -0.468566 0.0074999
297 -0.460112 0.00763877
298 -0.452596 0.00757686
299 -0.443733 0.00727944
