0 0 0
1 -13.8095 6.35188
2 3.39481 8.53696
3 3.6307 7.68065
4 0.00705547 7.63262
5 -7.29166 9.52609
6 -0.509495 6.69018
7 -8.59914 5.92461
8 4.2511 6.71185
9 -0.9 5.98226
10 14.3906 9.99209
11 12.5385 7.99444
12 6.36381 5.77356
13 3.42743 8.27499
14 0.547054 7.96715
15 -1.77239 6.62281
16 8.04107 6.11211
17 -1.56564 5.85334
18 -4.53323 7.4975
19 -5.15622 7.61405
20 -6.82414 7.05686
21 6.08268 7.07811
22 8.97119 8.30901
23 3.20642 6.03271
24 1.11732 6.58059
25 -7.68591 7.1878
26 2.92991 6.42549
27 -1.56544 7.57241
28 1.65265 7.74115
29 -3.25905 5.68642
30 -11.2305 7.23195
31 4.34626 7.87402
32 9.54709 4.66241
33 1.10966 10.69
34 -2.05074 5.45843
35 -14.2846 4.4962
36 -7.91435 8.61909
37 -9.93363 7.19101
38 5.34337 7.82476
39 0.918183 7.34804
40 -7.23307 5.96837
41 -5.61614 7.05948
42 8.22475 7.61164
43 -1.03411 7.58124
44 0.159831 7.90118
45 -3.86842 6.02673
46 -4.012 8.33468
47 14.6928 6.25196
48 -16.2947 5.5963
49 -0.331049 8.78174
50 8.88031 6.6706
51 -6.91649 7.5674
52 -4.38121 7.16057
53 -0.506585 7.76936
54 -16.6439 7.58912
55 11.5383 7.98625
56 -20.4407 9.22864
57 -2.68308 7.3895
58 7.91026 6.98853
59 -13.1023 5.823
60 -15.6705 9.29254
61 3.13639 6.85515
62 1.19514 7.30454
63 -1.30931 6.45775
64 -6.94203 7.17109
65 -1.50483 10.1203
66 -0.452239 9.70716
67 -11.3725 8.59902
68 4.55051 8.09259
69 -7.49222 8.27405
70 3.58162 7.85905
71 -2.74003 7.6534
72 3.05648 8.81575
73 -2.30885 7.89837
74 9.14288 9.95161
75 -5.66273 7.95108
76 6.23665 9.04214
77 -4.22809 6.29256
78 -1.16082 6.91597
79 0.522656 8.64702
80 17.3652 8.38269
81 -8.49779 5.75268
82 1.55665 6.99572
83 2.28812 6.77256
84 4.81124 7.68158
85 -0.2864 9.63534
86 10.7133 6.96451
87 6.76673 7.35439
88 5.40054 10.767
89 4.98908 7.43429
90 -9.29706 6.68557
91 4.10081 7.77758
92 7.22144 6.68526
93 -9.21663 7.70214
94 -2.02738 6.04733
95 8.2881 6.84514
96 3.35543 8.72018
97 1.95856 5.33833
98 -7.68883 7.19952
99 -4.49535 7.81392
100 9.50506 8.93471
101 -11.6496 6.98321
102 4.10892 8.29244
103 -2.03038 5.49914
104 -5.87363 8.67643
105 3.5888 7.34545
106 4.23179 8.48438
107 1.08995 8.32762
108 -2.85261 9.26372
109 3.33687 9.34666
110 -2.91959 6.95311
111 3.91753 6.14107
112 -16.5609 7.27913
113 11.0132 7.52826
114 -0.543709 8.25358
115 -0.181582 7.85707
116 10.3702 8.2935
117 -2.17773 9.36198
118 -17.4583 7.89113
119 4.02269 6.04705
120 7.7962 7.89082
121 -2.17116 6.28297
122 -2.43718 6.9524
123 -4.0603 5.58282
124 -2.56996 5.63465
125 -13.6679 9.5336
126 3.48814 7.51074
127 -4.30563 7.79453
128 -3.42556 7.72585
129 -5.47475 9.24227
130 -5.72934 7.02989
131 -7.90435 10.1424
132 1.58937 7.94228
133 -8.72533 8.58021
134 0.0605866 9.37097
135 -17.2316 7.32158
136 4.73315 8.96522
137 -10.2053 7.35725
138 7.95645 7.18252
139 -3.58694 6.39458
140 -11.5374 6.40916
141 8.54413 5.4657
142 -3.77544 7.88591
143 7.10972 5.982
144 -4.59131 7.61502
145 -9.82252 6.96644
146 -3.47506 7.57684
147 -1.31163 8.51204
148 3.05134 7.50366
149 -0.280578 7.32425
150 5.7353 7.18721
151 7.33849 8.79291
152 -2.61716 7.80587
153 12.4914 8.93122
154 7.16403 5.68575
155 -0.183919 6.80919
156 -12.2134 7.94349
157 7.25808 7.34069
158 -8.38494 8.01138
159 9.39608 7.90371
160 2.16882 9.57867
161 9.29949 6.33397
162 -2.39791 6.52988
163 -10.6383 7.42666
164 -14.5065 8.58447
165 -7.27615 7.66338
166 -11.5966 5.62934
167 -7.86281 7.94775
168 -10.7738 5.46964
169 -0.346098 7.29297
170 -5.29484 8.54957
171 10.2531 7.44323
172 -4.76451 7.90536
173 -4.16348 8.95418
174 4.84432 6.64145
175 -10.7704 7.72711
176 11.6083 5.67662
177 -2.86846 7.27864
178 1.73252 7.02158
179 2.70439 4.71797
180 -0.412913 7.58274
181 10.0048 8.4533
182 -2.05228 7.46642
183 -14.0603 8.34297
184 -27.8786 7.05567
185 -0.230762 7.45641
186 -3.71048 4.80157
187 -3.26763 5.7889
188 -1.89757 9.48008
189 4.4115 8.19796
190 -3.25021 6.87609
191 -4.14404 6.96843
192 -8.7803 7.12316
193 7.56204 6.2857
194 3.25141 6.81448
195 13.1855 9.09473
196 -4.98913 6.73833
197 0.19744 8.43779
198 6.78714 5.48135
199 -8.67952 7.76107
200 -9.43677 5.96204
201 -2.16384 7.54661
202 -6.71111 7.72061
203 1.46655 5.29714
204 -12.8701 6.56094
205 3.91734 7.66087
206 8.53106 6.41011
207 -11.8968 9.00332
208 0.5634 5.80894
209 -1.45127 7.09073
210 3.0282 9.39689
211 0.241244 8.29976
212 -6.80218 8.55861
213 -14.2693 8.28287
214 -9.35276 10.2675
215 8.16588 7.21675
216 -14.5565 6.18139
217 -10.3827 8.75286
218 16.0449 6.13476
219 1.33972 8.66228
220 -5.08485 7.69885
221 14.8015 6.80201
222 1.03848 9.35215
223 -0.282556 7.12631
224 -8.95598 10.0883
225 17.7954 8.76053
226 -8.1491 7.17505
227 -15.3315 9.16351
228 -2.32935 9.83026
229 -1.39569 10.9004
230 13.8614 9.16984
231 7.97276 9.71302
232 -4.80352 6.70867
233 -2.29773 7.24245
234 -6.61017 9.19494
235 -0.73125 8.5707
236 18.9963 10.5754
237 -4.4954 8.23248
238 7.70636 6.03459
239 -12.1982 8.28126
240 -3.20309 8.13344
241 5.34916 8.11127
242 -2.59953 7.85201
243 0.449483 8.14243
244 -5.43259 7.76192
245 -1.30506 7.61796
246 -4.63854 9.22815
247 4.62238 7.86584
248 -3.67464 7.1599
249 -1.89515 8.16299
250 9.89127 6.12306
251 -0.027255 6.18049
252 -5.0522 6.44819
253 22.8287 6.99374
254 -1.74702 8.44813
255 -0.292361 7.2884
256 -11.7023 6.80467
257 -3.64331 7.89065
258 -7.85966 4.84437
259 -6.17504 5.87668
260 -4.96225 6.6934
261 6.19274 9.58674
262 0.0232203 7.1618
263 -12.8872 7.67144
264 20.7594 8.46319
265 -3.76251 7.2464
266 4.27259 7.77279
267 5.34825 8.36034
268 14.1385 7.04125
269 -7.73628 6.31957
270 2.91106 7.47871
271 -2.32276 7.24167
272 19.3289 7.40178
273 1.20761 7.23372
274 0.833052 8.90531
275 -11.2915 7.24512
276 -10.0471 5.13865
277 -16.4954 6.46844
278 5.8316 5.79389
279 6.87241 9.57122
280 0.700678 9.29997
281 -3.88449 7.97661
282 -5.04262 7.83018
283 -8.5596 5.74802
284 13.1414 5.40405
285 -4.08016 5.89426
286 -9.90002 8.62693
287 3.86822 8.63098
288 11.5361 6.8418
289 0.762041 6.84649
290 -8.70501 6.76461
291 4.84678 6.90058
292 2.92808 8.18767
293 0.984221 7.13557
294 -15.4112 5.25344
295 -12.4537 5.36042
296 8.57033 6.00911
297 2.72856 7.58101
298 -5.07517 8.82613
299 0 0
