0 -0.780715 0.00359894
1 -0.781394 0.00349842
2 -0.779992 0.00355922
3 -0.780657 0.00345251
4 -0.781573 0.00351007
5 -0.78207 0.00349835
6 -0.781184 0.00343463
7 -0.782173 0.0032449
8 -0.78224 0.00331649
9 -0.782808 0.00343339
10 -0.782074 0.00369337
11 -0.782028 0.00369127
12 -0.782056 0.00328621
13 -0.781487 0.00321367
14 -0.782152 0.00320271
15 -0.782384 0.00286986
16 -0.783556 0.00269799
17 -0.78327 0.00274724
18 -0.783014 0.00281924
19 -0.782713 0.00277746
20 -0.783203 0.00287574
21 -0.783216 0.00288976
22 -0.783865 0.00288425
23 -0.783874 0.00291888
24 -0.783609 0.00301175
25 -0.782367 0.002995
26 -0.782556 0.00288564
27 -0.782941 0.00303786
28 -0.783004 0.00296847
29 -0.782818 0.0029027
30 -0.782555 0.00294009
31 -0.78222 0.00296991
32 -0.782158 0.00324772
33 -0.781961 0.00330643
34 -0.782629 0.00326575
35 -0.782469 0.00327551
36 -0.781352 0.00345637
37 -0.781836 0.00347734
38 -0.782297 0.00355639
39 -0.782161 0.00356856
40 -0.782512 0.00349251
41 -0.783065 0.00341212
42 -0.784255 0.00348914
43 -0.784723 0.00319515
44 -0.784782 0.003266
45 -0.783786 0.00287433
46 -0.782891 0.00267937
47 -0.784259 0.00270035
48 -0.783283 0.00271692
49 -0.783234 0.00262303
50 -0.782799 0.00263803
51 -0.782702 0.00256773
52 -0.78267 0.0026614
53 -0.782678 0.00288581
54 -0.781199 0.00279091
55 -0.780572 0.00303174
56 -0.78095 0.0030289
57 -0.781003 0.00292223
58 -0.78066 0.00274256
59 -0.781153 0.00281401
60 -0.781392 0.00264088
61 -0.781678 0.00253832
62 -0.780994 0.00257732
63 -0.781104 0.00237262
64 -0.78146 0.00250226
65 -0.781671 0.00239267
66 -0.782831 0.00236334
67 -0.783741 0.0024138
68 -0.783796 0.00224103
69 -0.783691 0.00215645
70 -0.783819 0.00219815
71 -0.783458 0.00220739
72 -0.784366 0.00234138
73 -0.784285 0.00254607
74 -0.7837 0.00253673
75 -0.783804 0.00252149
76 -0.783685 0.00235924
77 -0.781323 0.00243086
78 -0.782431 0.00259891
79 -0.782885 0.00274414
80 -0.783479 0.0026369
81 -0.783111 0.00281193
82 -0.78294 0.0027897
83 -0.782539 0.00268168
84 -0.783052 0.00264951
85 -0.782744 0.00275284
86 -0.781978 0.00283251
87 -0.781663 0.00279531
88 -0.781577 0.00273459
89 -0.781871 0.00263434
90 -0.781144 0.00273721
91 -0.781153 0.00302843
92 -0.780975 0.00296904
93 -0.781128 0.00318363
94 -0.781234 0.00313503
95 -0.781751 0.00318434
96 -0.782249 0.00305428
97 -0.782642 0.00302421
98 -0.782704 0.00298064
99 -0.78282 0.00294399
100 -0.783751 0.00309656
101 -0.783453 0.00317
102 -0.782764 0.00318888
103 -0.782484 0.00338155
104 -0.781873 0.00330094
105 -0.781698 0.00319587
106 -0.781723 0.00336138
107 -0.781288 0.00330414
108 -0.780469 0.00309609
109 -0.780757 0.00299817
110 -0.78108 0.00293861
111 -0.78092 0.00292079
112 -0.781916 0.00288765
113 -0.781359 0.00278759
114 -0.781701 0.00286659
115 -0.782608 0.0026918
116 -0.782468 0.00252804
117 -0.782693 0.00266771
118 -0.782463 0.00278451
119 -0.782629 0.00282727
120 -0.783369 0.00280489
121 -0.783114 0.00285207
122 -0.78149 0.00284829
123 -0.781743 0.0029018
124 -0.781656 0.00282061
125 -0.780727 0.00280229
126 -0.780389 0.00274875
127 -0.77991 0.0026407
128 -0.780004 0.00263368
129 -0.780326 0.00240656
130 -0.781926 0.00242595
131 -0.781686 0.00231362
132 -0.782556 0.00245574
133 -0.782331 0.00256044
134 -0.782406 0.00245587
135 -0.781853 0.00239281
136 -0.782565 0.00241613
137 -0.782561 0.00245171
138 -0.78234 0.00237611
139 -0.783008 0.00231546
140 -0.784486 0.00248224
141 -0.784312 0.00245921
142 -0.784054 0.00268071
143 -0.784489 0.00243952
144 -0.784607 0.0024672
145 -0.784073 0.00246031
146 -0.78384 0.00236206
147 -0.784112 0.00272844
148 -0.784367 0.00272018
149 -0.784872 0.00282116
150 -0.785106 0.00283896
151 -0.784948 0.00275863
152 -0.784546 0.00292541
153 -0.784007 0.00283667
154 -0.784411 0.00279489
155 -0.783783 0.00254586
156 -0.783406 0.00242207
157 -0.782938 0.00239908
158 -0.782798 0.00218167
159 -0.782545 0.0020471
160 -0.782372 0.00226469
161 -0.782271 0.00242459
162 -0.782908 0.00260514
163 -0.783479 0.0026449
164 -0.782983 0.0024996
165 -0.783059 0.00255192
166 -0.783372 0.00247237
167 -0.783142 0.00239369
168 -0.782542 0.00262321
169 -0.782038 0.00272367
170 -0.782251 0.00277133
171 -0.782746 0.00270521
172 -0.783009 0.00269621
173 -0.78273 0.00271949
174 -0.782233 0.00286099
175 -0.781764 0.00299379
176 -0.782271 0.00291598
177 -0.782033 0.00300638
178 -0.782211 0.0031222
179 -0.782499 0.00319708
180 -0.783264 0.00306255
181 -0.783243 0.00293329
182 -0.783242 0.0029336
183 -0.782517 0.00275765
184 -0.782602 0.00275055
185 -0.781892 0.00267915
186 -0.781757 0.00266791
187 -0.78166 0.00257765
188 -0.782646 0.00238468
189 -0.782576 0.00223418
190 -0.782801 0.00227975
191 -0.783155 0.00227978
192 -0.7833 0.00250896
193 -0.7838 0.00265612
194 -0.784106 0.00269675
195 -0.783959 0.00299069
196 -0.784404 0.00280815
197 -0.783706 0.00298758
198 -0.783244 0.00307569
199 -0.78274 0.00293839
200 -0.783215 0.00300192
201 -0.783722 0.00276438
202 -0.784432 0.00269277
203 -0.784692 0.00260744
204 -0.78436 0.00264274
205 -0.783458 0.00262951
206 -0.784003 0.00266767
207 -0.783965 0.00265265
208 -0.783572 0.00280645
209 -0.784192 0.00282221
210 -0.784755 0.00295887
211 -0.784052 0.00288549
212 -0.784438 0.00283116
213 -0.784156 0.0029917
214 -0.784233 0.00295265
215 -0.783927 0.0026897
216 -0.784537 0.00274399
217 -0.784232 0.00252271
218 -0.784464 0.00250704
219 -0.784403 0.00254438
220 -0.78399 0.00221907
221 -0.784094 0.00212788
222 -0.785461 0.00217379
223 -0.785104 0.0022185
224 -0.784335 0.00237348
225 -0.784531 0.00239568
226 -0.78368 0.00217744
227 -0.783576 0.00211885
228 -0.783121 0.00226474
229 -0.783159 0.0023471
230 -0.783563 0.00213265
231 -0.783566 0.00233267
232 -0.78437 0.00245187
233 -0.784461 0.00238631
234 -0.784678 0.00244557
235 -0.784605 0.00256101
236 -0.785346 0.00262943
237 -0.784802 0.00265304
238 -0.785537 0.00263789
239 -0.784633 0.00287152
240 -0.784407 0.00281102
241 -0.784066 0.00295227
242 -0.783852 0.00298866
243 -0.783533 0.00295065
244 -0.785022 0.00295643
245 -0.785583 0.00307749
246 -0.785162 0.0029198
247 -0.785576 0.00282775
248 -0.785703 0.00303118
249 -0.785913 0.00316262
250 -0.786485 0.00305697
251 -0.786362 0.00313181
252 -0.7858 0.00321408
253 -0.784882 0.00337396
254 -0.784796 0.00330121
255 -0.784906 0.00315384
256 -0.785303 0.00323671
257 -0.78503 0.00307055
258 -0.785511 0.0030737
259 -0.786301 0.0031175
260 -0.786294 0.00323173
261 -0.785712 0.00351504
262 -0.785709 0.00359779
263 -0.785307 0.00369486
264 -0.786013 0.00369185
265 -0.787461 0.00375058
266 -0.787423 0.00361049
267 -0.788813 0.00372478
268 -0.788052 0.00364333
269 -0.788502 0.00355015
270 -0.788368 0.00365273
271 -0.788275 0.0037482
272 -0.788123 0.00374777
273 -0.787822 0.00359263
274 -0.787807 0.00362705
275 -0.786383 0.00370577
276 -0.786827 0.00372885
277 -0.785842 0.00377915
278 -0.785996 0.0039089
279 -0.786302 0.00413666
280 -0.786231 0.00422375
281 -0.785641 0.00413104
282 -0.785075 0.00386993
283 -0.785558 0.00362057
284 -0.785836 0.00362324
285 -0.785784 0.00353721
286 -0.786745 0.00344173
287 -0.786175 0.00356803
288 -0.784084 0.00357768
289 -0.783474 0.00349462
290 -0.783183 0.00322598
291 -0.783414 0.00324255
292 -0.783501 0.00319844
293 -0.783034 0.00307427
294 -0.782774 0.00277604
295 -0.782754 0.00307228
296 -0.783326 0.00300087
297 -0.782397 0.00301603
298 -0.782735 0.0029562
299 -0.782355 0.00306082
