-4.9875 0 0
-4.9625 0 0
-4.9375 0 0
-4.9125 0 0
-4.8875 0 0
-4.8625 0 0
-4.8375 0 0
-4.8125 0 0
-4.7875 0 0
-4.7625 0 0
-4.7375 0 0
-4.7125 0 0
-4.6875 0 0
-4.6625 0 0
-4.6375 0 0
-4.6125 0 0
-4.5875 0 0
-4.5625 0 0
-4.5375 0 0
-4.5125 0 0
-4.4875 0 0
-4.4625 0 0
-4.4375 0 0
-4.4125 0 0
-4.3875 0 0
-4.3625 0 0
-4.3375 0 0
-4.3125 0 0
-4.2875 0 0
-4.2625 0 0
-4.2375 0 0
-4.2125 0 0
-4.1875 0 0
-4.1625 0 0
-4.1375 0 0
-4.1125 0 0
-4.0875 0 0
-4.0625 0 0
-4.0375 0 0
-4.0125 0 0
-3.9875 0 0
-3.9625 0 0
-3.9375 0 0
-3.9125 0 0
-3.8875 0 0
-3.8625 0 0
-3.8375 0 0
-3.8125 0 0
-3.7875 0 0
-3.7625 0 0
-3.7375 0 0
-3.7125 0 0
-3.6875 0 0
-3.6625 0 0
-3.6375 0 0
-3.6125 0 0
-3.5875 0 0
-3.5625 0 0
-3.5375 0 0
-3.5125 0 0
-3.4875 0 0
-3.4625 0 0
-3.4375 0 0
-3.4125 0 0
-3.3875 0 0
-3.3625 0 0
-3.3375 0 0
-3.3125 0 0
-3.2875 0 0
-3.2625 0 0
-3.2375 0 0
-3.2125 0 0
-3.1875 0 0
-3.1625 0 0
-3.1375 0 0
-3.1125 0 0
-3.0875 0 0
-3.0625 0 0
-3.0375 0 0
-3.0125 4.09836e-05 3.99459e-05
-2.9875 1.63934e-05 1.59784e-05
-2.9625 1.63934e-05 1.59784e-05
-2.9375 8.19672e-06 7.98918e-06
-2.9125 8.19672e-06 7.98918e-06
-2.8875 7.37705e-05 5.73478e-05
-2.8625 0.000155738 9.86846e-05
-2.8375 0.000172131 0.000105909
-2.8125 0.000213115 0.000136223
-2.7875 0.000237705 0.000149115
-2.7625 0.000295082 0.000148268
-2.7375 0.000327869 0.000160203
-2.7125 0.000401639 0.000183092
-2.6875 0.000532787 0.000279381
-2.6625 0.000877049 0.000378698
-2.6375 0.00111475 0.000434287
-2.6125 0.00104098 0.000304114
-2.5875 0.00122951 0.000337064
-2.5625 0.00129508 0.000332528
-2.5375 0.00170492 0.000375156
-2.5125 0.00218852 0.000385207
-2.4875 0.0027541 0.000422366
-2.4625 0.00363934 0.000474788
-2.4375 0.00495082 0.000493658
-2.4125 0.00616393 0.000576737
-2.3875 0.00803279 0.000630242
-2.3625 0.00942623 0.000702005
-2.3375 0.0107295 0.000843384
-2.3125 0.0122705 0.000858606
-2.2875 0.0152377 0.0010568
-2.2625 0.0181475 0.00138823
-2.2375 0.0214262 0.00185514
-2.2125 0.0255246 0.00176483
-2.1875 0.0280492 0.00209365
-2.1625 0.0320902 0.00231568
-2.1375 0.0383361 0.00289574
-2.1125 0.0410984 0.00260496
-2.0875 0.0472377 0.00297678
-2.0625 0.0531721 0.003496
-2.0375 0.0603033 0.00409382
-2.0125 0.0668033 0.00439802
-1.9875 0.0734672 0.00485253
-1.9625 0.0807541 0.00559684
-1.9375 0.0880574 0.00606884
-1.9125 0.0929754 0.0058026
-1.8875 0.100033 0.00598242
-1.8625 0.109475 0.0075367
-1.8375 0.117172 0.00804924
-1.8125 0.126574 0.00791147
-1.7875 0.135025 0.00768012
-1.7625 0.14418 0.00808786
-1.7375 0.15227 0.00823955
-1.7125 0.162377 0.00829231
-1.6875 0.172418 0.00884803
-1.6625 0.182082 0.00915429
-1.6375 0.188869 0.00990738
-1.6125 0.198828 0.00985305
-1.5875 0.205582 0.00981634
-1.5625 0.213525 0.0100159
-1.5375 0.22268 0.00906553
-1.5125 0.232557 0.00965621
-1.4875 0.243795 0.0101722
-1.4625 0.25241 0.0105411
-1.4375 0.2595 0.0114435
-1.4125 0.265311 0.0111372
-1.3875 0.278975 0.0109476
-1.3625 0.286385 0.0101569
-1.3375 0.293221 0.0101921
-1.3125 0.299344 0.00907709
-1.2875 0.297254 0.00859623
-1.2625 0.299795 0.00895762
-1.2375 0.304131 0.00920417
-1.2125 0.301352 0.00857694
-1.1875 0.307328 0.00839808
-1.1625 0.310107 0.00870941
-1.1375 0.315475 0.00840106
-1.1125 0.319574 0.00845244
-1.0875 0.322934 0.00761869
-1.0625 0.323041 0.00863967
-1.0375 0.326508 0.00891258
-1.0125 0.317418 0.00850928
-0.9875 0.316926 0.00799976
-0.9625 0.314566 0.00750348
-0.9375 0.31523 0.00754569
-0.9125 0.319172 0.00642698
-0.8875 0.315713 0.00648905
-0.8625 0.31827 0.0060762
-0.8375 0.314033 0.00614533
-0.8125 0.309287 0.0057623
-0.7875 0.304754 0.00579472
-0.7625 0.303754 0.00568209
-0.7375 0.301967 0.00600384
-0.7125 0.301451 0.00644158
-0.6875 0.302705 0.00800253
-0.6625 0.300344 0.0079384
-0.6375 0.300697 0.0086095
-0.6125 0.293836 0.00778411
-0.5875 0.289811 0.00707991
-0.5625 0.287828 0.00650858
-0.5375 0.282574 0.00637693
-0.5125 0.27882 0.00564096
-0.4875 0.278566 0.00582795
-0.4625 0.272361 0.00546216
-0.4375 0.270025 0.00546436
-0.4125 0.267639 0.00468705
-0.3875 0.269869 0.004537
-0.3625 0.265443 0.00315759
-0.3375 0.262828 0.00424728
-0.3125 0.262369 0.00303596
-0.2875 0.258508 0.00323541
-0.2625 0.254246 0.00383382
-0.2375 0.252926 0.0039576
-0.2125 0.25273 0.00436626
-0.1875 0.252213 0.00504847
-0.1625 0.253451 0.00484717
-0.1375 0.247238 0.00545747
-0.1125 0.249885 0.00608689
-0.0875 0.248197 0.00674673
-0.0625 0.243631 0.00637938
-0.0375 0.24482 0.00620438
-0.0125 0.245926 0.00558714
0.0125 0.249582 0.00571106
0.0375 0.248525 0.00556594
0.0625 0.248762 0.0045455
0.0875 0.244393 0.00530484
0.1125 0.244967 0.00632675
0.1375 0.245943 0.0066668
0.1625 0.240779 0.00654742
0.1875 0.239262 0.00602992
0.2125 0.238516 0.00634508
0.2375 0.244189 0.00580526
0.2625 0.243344 0.00634231
0.2875 0.25227 0.00608651
0.3125 0.252295 0.00654704
0.3375 0.253295 0.00671763
0.3625 0.256402 0.00732064
0.3875 0.256779 0.00712018
0.4125 0.259156 0.00684158
0.4375 0.257902 0.00594113
0.4625 0.25718 0.00534824
0.4875 0.257902 0.00532711
0.5125 0.258828 0.00555641
0.5375 0.259967 0.00635266
0.5625 0.264287 0.00730035
0.5875 0.271762 0.00746103
0.6125 0.27377 0.00689257
0.6375 0.275172 0.00658452
0.6625 0.278566 0.00636036
0.6875 0.281303 0.0060484
0.7125 0.285197 0.00659406
0.7375 0.282066 0.00700147
0.7625 0.285082 0.00662502
0.7875 0.284631 0.00690569
0.8125 0.285828 0.00584727
0.8375 0.290713 0.00635043
0.8625 0.294893 0.00644389
0.8875 0.290385 0.00709699
0.9125 0.28623 0.00695262
0.9375 0.286418 0.00773307
0.9625 0.288107 0.00790916
0.9875 0.292869 0.00806581
1.0125 0.296402 0.00721029
1.0375 0.293311 0.00855747
1.0625 0.295631 0.00820212
1.0875 0.294369 0.00801022
1.1125 0.29177 0.00787092
1.1375 0.286131 0.00762869
1.1625 0.286631 0.00828063
1.1875 0.287902 0.00925407
1.2125 0.282279 0.00913266
1.2375 0.279598 0.0093856
1.2625 0.274279 0.00942214
1.2875 0.270033 0.00905132
1.3125 0.266172 0.00947088
1.3375 0.263131 0.00970742
1.3625 0.259738 0.0104503
1.3875 0.255213 0.00955567
1.4125 0.248008 0.00852011
1.4375 0.243352 0.00815481
1.4625 0.233779 0.00789625
1.4875 0.227582 0.00726732
1.5125 0.219787 0.00811742
1.5375 0.209967 0.00727105
1.5625 0.203213 0.00721574
1.5875 0.191082 0.00582062
1.6125 0.185033 0.00589768
1.6375 0.17877 0.00622481
1.6625 0.170352 0.0055783
1.6875 0.162967 0.00580762
1.7125 0.151336 0.00548018
1.7375 0.146213 0.00618038
1.7625 0.13618 0.00525388
1.7875 0.122902 0.00561209
1.8125 0.115697 0.005744
1.8375 0.106656 0.0056963
1.8625 0.097959 0.00502131
1.8875 0.0935246 0.00509924
1.9125 0.0879836 0.00458916
1.9375 0.0801393 0.0039663
1.9625 0.0734754 0.00430475
1.9875 0.0671885 0.00403474
2.0125 0.059123 0.00378967
2.0375 0.0545902 0.00346515
2.0625 0.0497705 0.00300661
2.0875 0.0443607 0.00290736
2.1125 0.0379918 0.00261512
2.1375 0.0335656 0.00255048
2.1625 0.0301639 0.00244097
2.1875 0.0269098 0.00267241
2.2125 0.0243033 0.00265295
2.2375 0.0223279 0.00222292
2.2625 0.0190492 0.00205015
2.2875 0.0155574 0.00163942
2.3125 0.013582 0.00131466
2.3375 0.0115738 0.0010732
2.3625 0.0087541 0.00107145
2.3875 0.00743443 0.00110235
2.4125 0.00533607 0.000735833
2.4375 0.00427049 0.000725257
2.4625 0.00381967 0.000944801
2.4875 0.00307377 0.000777339
2.5125 0.00248361 0.000634627
2.5375 0.0022459 0.000598091
2.5625 0.00186066 0.000480089
2.5875 0.00141803 0.000417031
2.6125 0.00142623 0.000435754
2.6375 0.00132787 0.000461338
2.6625 0.00143443 0.000523035
2.6875 0.000909836 0.000325292
2.7125 0.000860656 0.000387918
2.7375 0.000770492 0.00036622
2.7625 0.000557377 0.000339427
2.7875 0.000352459 0.000225455
2.8125 0.000229508 0.000132371
2.8375 0.000204918 0.000148844
2.8625 6.55738e-05 4.39882e-05
2.8875 9.83607e-05 7.45857e-05
2.9125 8.19672e-05 7.98918e-05
2.9375 8.19672e-05 5.61939e-05
2.9625 2.45902e-05 2.39675e-05
2.9875 8.19672e-06 7.98918e-06
3.0125 2.45902e-05 2.39675e-05
3.0375 8.19672e-06 7.98918e-06
3.0625 0 0
3.0875 0 0
3.1125 0 0
3.1375 0 0
3.1625 0 0
3.1875 0 0
3.2125 0 0
3.2375 0 0
3.2625 0 0
3.2875 0 0
3.3125 0 0
3.3375 0 0
3.3625 0 0
3.3875 0 0
3.4125 0 0
3.4375 0 0
3.4625 0 0
3.4875 0 0
3.5125 0 0
3.5375 0 0
3.5625 0 0
3.5875 0 0
3.6125 0 0
3.6375 0 0
3.6625 0 0
3.6875 0 0
3.7125 0 0
3.7375 0 0
3.7625 0 0
3.7875 0 0
3.8125 0 0
3.8375 0 0
3.8625 0 0
3.8875 0 0
3.9125 0 0
3.9375 0 0
3.9625 0 0
3.9875 0 0
4.0125 0 0
4.0375 0 0
4.0625 0 0
4.0875 0 0
4.1125 0 0
4.1375 0 0
4.1625 0 0
4.1875 0 0
4.2125 0 0
4.2375 0 0
4.2625 0 0
4.2875 0 0
4.3125 0 0
4.3375 0 0
4.3625 0 0
4.3875 0 0
4.4125 0 0
4.4375 0 0
4.4625 0 0
4.4875 0 0
4.5125 0 0
4.5375 0 0
4.5625 0 0
4.5875 0 0
4.6125 0 0
4.6375 0 0
4.6625 0 0
4.6875 0 0
4.7125 0 0
4.7375 0 0
4.7625 0 0
4.7875 0 0
4.8125 0 0
4.8375 0 0
4.8625 0 0
4.8875 0 0
4.9125 0 0
4.9375 0 0
4.9625 0 0
4.9875 0 0
