-4.9875 0 0
-4.9625 0 0
-4.9375 0 0
-4.9125 0 0
-4.8875 0 0
-4.8625 0 0
-4.8375 0 0
-4.8125 0 0
-4.7875 0 0
-4.7625 0 0
-4.7375 0 0
-4.7125 0 0
-4.6875 0 0
-4.6625 0 0
-4.6375 0 0
-4.6125 0 0
-4.5875 0 0
-4.5625 0 0
-4.5375 0 0
-4.5125 0 0
-4.4875 0 0
-4.4625 0 0
-4.4375 0 0
-4.4125 0 0
-4.3875 0 0
-4.3625 0 0
-4.3375 0 0
-4.3125 0 0
-4.2875 0 0
-4.2625 0 0
-4.2375 0 0
-4.2125 0 0
-4.1875 0 0
-4.1625 0 0
-4.1375 0 0
-4.1125 0 0
-4.0875 0 0
-4.0625 0 0
-4.0375 0 0
-4.0125 0 0
-3.9875 0 0
-3.9625 0 0
-3.9375 0 0
-3.9125 0 0
-3.8875 0 0
-3.8625 0 0
-3.8375 0 0
-3.8125 0 0
-3.7875 0 0
-3.7625 0 0
-3.7375 0 0
-3.7125 0 0
-3.6875 0 0
-3.6625 0 0
-3.6375 0 0
-3.6125 0 0
-3.5875 0 0
-3.5625 0 0
-3.5375 0 0
-3.5125 0 0
-3.4875 0 0
-3.4625 0 0
-3.4375 0 0
-3.4125 0 0
-3.3875 0 0
-3.3625 0 0
-3.3375 0 0
-3.3125 0 0
-3.2875 0 0
-3.2625 0 0
-3.2375 0 0
-3.2125 0 0
-3.1875 0 0
-3.1625 0 0
-3.1375 0 0
-3.1125 0 0
-3.0875 0 0
-3.0625 0 0
-3.0375 0 0
-3.0125 0 0
-2.9875 0 0
-2.9625 0 0
-2.9375 0 0
-2.9125 0 0
-2.8875 0 0
-2.8625 0 0
-2.8375 0 0
-2.8125 0 0
-2.7875 0 0
-2.7625 0 0
-2.7375 0 0
-2.7125 0 0
-2.6875 0 0
-2.6625 0 0
-2.6375 0 0
-2.6125 8.19672e-06 7.98918e-06
-2.5875 1.63934e-05 1.59784e-05
-2.5625 1.63934e-05 1.59784e-05
-2.5375 4.91803e-05 4.79351e-05
-2.5125 1.63934e-05 1.59784e-05
-2.4875 4.09836e-05 3.25297e-05
-2.4625 3.27869e-05 2.19941e-05
-2.4375 3.27869e-05 2.48619e-05
-2.4125 7.37705e-05 2.94968e-05
-2.3875 9.83607e-05 4.39882e-05
-2.3625 0.000114754 4.79351e-05
-2.3375 0.000172131 6.07609e-05
-2.3125 0.000319672 0.000104633
-2.2875 0.000442623 0.000103096
-2.2625 0.00057377 0.00013789
-2.2375 0.000680328 0.000111352
-2.2125 0.000844262 0.000168492
-2.1875 0.00115574 0.000145003
-2.1625 0.00157377 0.000196858
-2.1375 0.00177869 0.000204844
-2.1125 0.00230328 0.000264203
-2.0875 0.00258197 0.000278899
-2.0625 0.00339344 0.000325834
-2.0375 0.00415574 0.00024761
-2.0125 0.00552459 0.000468018
-1.9875 0.00677869 0.000451084
-1.9625 0.00855738 0.000564158
-1.9375 0.0106639 0.000698164
-1.9125 0.0127705 0.000839026
-1.8875 0.0152705 0.00092527
-1.8625 0.0182787 0.000903761
-1.8375 0.0216967 0.00110824
-1.8125 0.0249098 0.00118507
-1.7875 0.0304672 0.00141821
-1.7625 0.0352623 0.00150252
-1.7375 0.0406885 0.00165872
-1.7125 0.0496393 0.00166765
-1.6875 0.0566803 0.00188382
-1.6625 0.0648934 0.00202139
-1.6375 0.0710574 0.00209799
-1.6125 0.080418 0.00241264
-1.5875 0.0882459 0.00245451
-1.5625 0.0999344 0.00296346
-1.5375 0.110934 0.00374652
-1.5125 0.121984 0.00378245
-1.4875 0.133328 0.00394118
-1.4625 0.146779 0.00448117
-1.4375 0.162828 0.00444735
-1.4125 0.173689 0.00488907
-1.3875 0.191033 0.00521408
-1.3625 0.206 0.00531539
-1.3375 0.218508 0.00494637
-1.3125 0.231033 0.00550792
-1.2875 0.243107 0.00530557
-1.2625 0.257689 0.00561323
-1.2375 0.271885 0.00618193
-1.2125 0.283221 0.00533236
-1.1875 0.29518 0.00630968
-1.1625 0.305836 0.0057835
-1.1375 0.317402 0.00588669
-1.1125 0.324738 0.00583929
-1.0875 0.33573 0.00544538
-1.0625 0.346992 0.00491297
-1.0375 0.35032 0.00553659
-1.0125 0.358967 0.00481522
-0.9875 0.367893 0.00554122
-0.9625 0.370811 0.00459969
-0.9375 0.375705 0.00595066
-0.9125 0.380574 0.0056506
-0.8875 0.383451 0.00557233
-0.8625 0.383697 0.0048017
-0.8375 0.384934 0.0054453
-0.8125 0.390648 0.00523546
-0.7875 0.387033 0.00544249
-0.7625 0.386648 0.00544242
-0.7375 0.386082 0.00512216
-0.7125 0.386967 0.00513866
-0.6875 0.381648 0.00529278
-0.6625 0.377352 0.00595516
-0.6375 0.376311 0.00533012
-0.6125 0.372492 0.00457748
-0.5875 0.364566 0.00483107
-0.5625 0.367131 0.00515898
-0.5375 0.358779 0.00509925
-0.5125 0.355246 0.00425036
-0.4875 0.354385 0.00490832
-0.4625 0.346557 0.0049597
-0.4375 0.343762 0.00396131
-0.4125 0.339795 0.00390134
-0.3875 0.331959 0.00341162
-0.3625 0.33082 0.00420646
-0.3375 0.321656 0.00310141
-0.3125 0.318746 0.00338939
-0.2875 0.313287 0.00346626
-0.2625 0.312 0.00323559
-0.2375 0.310148 0.00265439
-0.2125 0.309459 0.0038575
-0.1875 0.306352 0.00308055
-0.1625 0.304951 0.00309879
-0.1375 0.299992 0.0028712
-0.1125 0.29927 0.00277869
-0.0875 0.295557 0.00267883
-0.0625 0.295918 0.00249277
-0.0375 0.294189 0.00302219
-0.0125 0.294918 0.00276535
0.0125 0.294131 0.00268431
0.0375 0.294992 0.00330724
0.0625 0.298336 0.00311681
0.0875 0.299148 0.00350175
0.1125 0.301943 0.0024287
0.1375 0.306254 0.00434247
0.1625 0.305402 0.00391021
0.1875 0.308803 0.00357586
0.2125 0.310664 0.00407149
0.2375 0.310787 0.00380756
0.2625 0.315295 0.00299289
0.2875 0.320402 0.00296333
0.3125 0.322754 0.00318678
0.3375 0.326926 0.0036263
0.3625 0.331836 0.00349378
0.3875 0.339057 0.00302941
0.4125 0.341254 0.00357099
0.4375 0.344975 0.00346576
0.4625 0.350672 0.00392233
0.4875 0.357762 0.00442754
0.5125 0.363631 0.00339657
0.5375 0.362451 0.00412492
0.5625 0.370172 0.00390473
0.5875 0.373869 0.00355024
0.6125 0.374279 0.00433815
0.6375 0.377434 0.00378021
0.6625 0.378459 0.0042121
0.6875 0.383893 0.00498885
0.7125 0.385623 0.00489239
0.7375 0.387689 0.00448667
0.7625 0.390082 0.00457315
0.7875 0.38827 0.00367122
0.8125 0.38882 0.00405706
0.8375 0.387844 0.00479357
0.8625 0.386738 0.00534079
0.8875 0.383746 0.00579456
0.9125 0.387205 0.00688309
0.9375 0.381057 0.00664534
0.9625 0.375779 0.00782434
0.9875 0.372402 0.00754338
1.0125 0.364525 0.00696261
1.0375 0.359607 0.0077798
1.0625 0.350869 0.0076035
1.0875 0.33977 0.00792884
1.1125 0.327762 0.00724941
1.1375 0.315189 0.00705925
1.1625 0.302377 0.00658363
1.1875 0.294311 0.00623312
1.2125 0.277492 0.00618342
1.2375 0.265254 0.00556606
1.2625 0.248951 0.00560846
1.2875 0.236598 0.00502283
1.3125 0.221352 0.00468629
1.3375 0.208287 0.00497078
1.3625 0.195525 0.00519249
1.3875 0.18259 0.00490741
1.4125 0.167287 0.00446627
1.4375 0.153828 0.00396624
1.4625 0.141959 0.00360204
1.4875 0.12927 0.00350508
1.5125 0.118508 0.00316582
1.5375 0.104934 0.00329932
1.5625 0.094 0.00273848
1.5875 0.0847951 0.00244075
1.6125 0.0752623 0.00269169
1.6375 0.0672213 0.00254448
1.6625 0.058123 0.00222258
1.6875 0.0509262 0.00141598
1.7125 0.0432295 0.00157125
1.7375 0.0360164 0.000972554
1.7625 0.032082 0.00120913
1.7875 0.026918 0.000806917
1.8125 0.0231803 0.000932512
1.8375 0.0196557 0.000889629
1.8625 0.0170984 0.000770413
1.8875 0.0139918 0.000770777
1.9125 0.0119262 0.000874239
1.9375 0.00995082 0.000741982
1.9625 0.00810656 0.000646604
1.9875 0.00654918 0.000534923
2.0125 0.00527049 0.000448844
2.0375 0.00398361 0.000352192
2.0625 0.00309836 0.000267092
2.0875 0.00241803 0.000237811
2.1125 0.002 0.000261423
2.1375 0.00133607 0.000198515
2.1625 0.00103279 0.00017736
2.1875 0.00104098 0.000189511
2.2125 0.000688525 0.000187488
2.2375 0.0005 0.000113266
2.2625 0.00045082 0.000163883
2.2875 0.000303279 9.36545e-05
2.3125 0.000221311 8.21923e-05
2.3375 0.000163934 6.13386e-05
2.3625 9.01639e-05 4.41026e-05
2.3875 6.55738e-05 3.55401e-05
2.4125 4.91803e-05 2.34718e-05
2.4375 3.27869e-05 1.86914e-05
2.4625 2.45902e-05 1.74842e-05
2.4875 0 0
2.5125 1.63934e-05 1.59784e-05
2.5375 1.63934e-05 1.59784e-05
2.5625 0 0
2.5875 0 0
2.6125 0 0
2.6375 0 0
2.6625 0 0
2.6875 0 0
2.7125 0 0
2.7375 0 0
2.7625 0 0
2.7875 0 0
2.8125 0 0
2.8375 0 0
2.8625 0 0
2.8875 0 0
2.9125 0 0
2.9375 0 0
2.9625 0 0
2.9875 0 0
3.0125 0 0
3.0375 0 0
3.0625 0 0
3.0875 0 0
3.1125 0 0
3.1375 0 0
3.1625 0 0
3.1875 0 0
3.2125 0 0
3.2375 0 0
3.2625 0 0
3.2875 0 0
3.3125 0 0
3.3375 0 0
3.3625 0 0
3.3875 0 0
3.4125 0 0
3.4375 0 0
3.4625 0 0
3.4875 0 0
3.5125 0 0
3.5375 0 0
3.5625 0 0
3.5875 0 0
3.6125 0 0
3.6375 0 0
3.6625 0 0
3.6875 0 0
3.7125 0 0
3.7375 0 0
3.7625 0 0
3.7875 0 0
3.8125 0 0
3.8375 0 0
3.8625 0 0
3.8875 0 0
3.9125 0 0
3.9375 0 0
3.9625 0 0
3.9875 0 0
4.0125 0 0
4.0375 0 0
4.0625 0 0
4.0875 0 0
4.1125 0 0
4.1375 0 0
4.1625 0 0
4.1875 0 0
4.2125 0 0
4.2375 0 0
4.2625 0 0
4.2875 0 0
4.3125 0 0
4.3375 0 0
4.3625 0 0
4.3875 0 0
4.4125 0 0
4.4375 0 0
4.4625 0 0
4.4875 0 0
4.5125 0 0
4.5375 0 0
4.5625 0 0
4.5875 0 0
4.6125 0 0
4.6375 0 0
4.6625 0 0
4.6875 0 0
4.7125 0 0
4.7375 0 0
4.7625 0 0
4.7875 0 0
4.8125 0 0
4.8375 0 0
4.8625 0 0
4.8875 0 0
4.9125 0 0
4.9375 0 0
4.9625 0 0
4.9875 0 0
