-4.9875 0 0
-4.9625 0 0
-4.9375 0 0
-4.9125 0 0
-4.8875 0 0
-4.8625 0 0
-4.8375 0 0
-4.8125 0 0
-4.7875 0 0
-4.7625 0 0
-4.7375 0 0
-4.7125 0 0
-4.6875 0 0
-4.6625 0 0
-4.6375 0 0
-4.6125 0 0
-4.5875 0 0
-4.5625 0 0
-4.5375 0 0
-4.5125 0 0
-4.4875 0 0
-4.4625 0 0
-4.4375 0 0
-4.4125 0 0
-4.3875 0 0
-4.3625 0 0
-4.3375 0 0
-4.3125 0 0
-4.2875 0 0
-4.2625 0 0
-4.2375 0 0
-4.2125 0 0
-4.1875 0 0
-4.1625 0 0
-4.1375 0 0
-4.1125 0 0
-4.0875 0 0
-4.0625 0 0
-4.0375 0 0
-4.0125 0 0
-3.9875 0 0
-3.9625 0 0
-3.9375 0 0
-3.9125 0 0
-3.8875 0 0
-3.8625 0 0
-3.8375 0 0
-3.8125 0 0
-3.7875 0 0
-3.7625 0 0
-3.7375 0 0
-3.7125 0 0
-3.6875 0 0
-3.6625 0 0
-3.6375 0 0
-3.6125 0 0
-3.5875 0 0
-3.5625 0 0
-3.5375 0 0
-3.5125 0 0
-3.4875 0 0
-3.4625 0 0
-3.4375 0 0
-3.4125 0 0
-3.3875 0 0
-3.3625 0 0
-3.3375 0 0
-3.3125 0 0
-3.2875 0 0
-3.2625 0 0
-3.2375 0 0
-3.2125 0 0
-3.1875 0 0
-3.1625 0 0
-3.1375 0 0
-3.1125 0 0
-3.0875 0 0
-3.0625 0 0
-3.0375 0 0
-3.0125 0 0
-2.9875 0 0
-2.9625 0 0
-2.9375 0 0
-2.9125 0 0
-2.8875 0 0
-2.8625 0 0
-2.8375 0 0
-2.8125 0 0
-2.7875 0 0
-2.7625 0 0
-2.7375 0 0
-2.7125 0 0
-2.6875 0 0
-2.6625 0 0
-2.6375 0 0
-2.6125 0 0
-2.5875 1.63934e-05 1.09971e-05
-2.5625 8.19672e-06 7.98918e-06
-2.5375 8.19672e-06 7.98918e-06
-2.5125 1.63934e-05 1.59784e-05
-2.4875 3.27869e-05 1.86914e-05
-2.4625 4.91803e-05 2.04097e-05
-2.4375 2.45902e-05 1.74842e-05
-2.4125 9.01639e-05 2.71236e-05
-2.3875 9.01639e-05 3.16928e-05
-2.3625 0.000147541 4.47454e-05
-2.3375 0.000221311 5.7113e-05
-2.3125 0.000254098 5.85076e-05
-2.2875 0.000352459 7.62559e-05
-2.2625 0.000344262 4.32178e-05
-2.2375 0.000336066 3.56816e-05
-2.2125 0.000581967 8.55567e-05
-2.1875 0.000877049 8.38112e-05
-2.1625 0.00127869 0.000129394
-2.1375 0.00151639 0.000100305
-2.1125 0.00155738 0.000146398
-2.0875 0.00253279 0.000213894
-2.0625 0.00311475 0.000218716
-2.0375 0.00407377 0.000258756
-2.0125 0.0047623 0.000259067
-1.9875 0.00640164 0.000345524
-1.9625 0.0072377 0.000373158
-1.9375 0.00970492 0.00037105
-1.9125 0.0121639 0.000542422
-1.8875 0.0143525 0.000606278
-1.8625 0.016623 0.000855166
-1.8375 0.0202541 0.000794657
-1.8125 0.024377 0.000911651
-1.7875 0.0278852 0.000962192
-1.7625 0.0331885 0.000976234
-1.7375 0.039 0.00114296
-1.7125 0.0444262 0.00133337
-1.6875 0.0510656 0.00132201
-1.6625 0.0583033 0.00150772
-1.6375 0.066918 0.00173002
-1.6125 0.0747623 0.00202973
-1.5875 0.0852623 0.0016997
-1.5625 0.0932295 0.00189368
-1.5375 0.103443 0.00201829
-1.5125 0.115164 0.00246501
-1.4875 0.127943 0.00252293
-1.4625 0.141172 0.00346544
-1.4375 0.153033 0.00334108
-1.4125 0.164344 0.00318405
-1.3875 0.180025 0.00406768
-1.3625 0.19173 0.00400531
-1.3375 0.206566 0.00484329
-1.3125 0.22018 0.00424688
-1.2875 0.232746 0.00479164
-1.2625 0.246672 0.00434978
-1.2375 0.260639 0.0047634
-1.2125 0.272041 0.00527128
-1.1875 0.285418 0.00542744
-1.1625 0.297975 0.00506598
-1.1375 0.31059 0.00550392
-1.1125 0.320033 0.00580717
-1.0875 0.330902 0.00601227
-1.0625 0.340016 0.00608916
-1.0375 0.348598 0.00589319
-1.0125 0.36523 0.00696796
-0.9875 0.360566 0.00595702
-0.9625 0.372008 0.00656908
-0.9375 0.375057 0.00563669
-0.9125 0.376443 0.00613687
-0.8875 0.381795 0.00477281
-0.8625 0.385852 0.00589776
-0.8375 0.386844 0.00636465
-0.8125 0.386713 0.00549368
-0.7875 0.390451 0.00520304
-0.7625 0.389902 0.00506667
-0.7375 0.383213 0.004669
-0.7125 0.385279 0.00529997
-0.6875 0.382475 0.00570336
-0.6625 0.381205 0.00547861
-0.6375 0.376787 0.00467909
-0.6125 0.378303 0.00475396
-0.5875 0.372172 0.0050491
-0.5625 0.363189 0.00459804
-0.5375 0.365139 0.00460307
-0.5125 0.362492 0.00463343
-0.4875 0.357541 0.00468603
-0.4625 0.353582 0.00420776
-0.4375 0.348074 0.00429125
-0.4125 0.34691 0.00381829
-0.3875 0.342287 0.00432322
-0.3625 0.336672 0.0043014
-0.3375 0.334787 0.00375847
-0.3125 0.329656 0.00397241
-0.2875 0.324107 0.00378547
-0.2625 0.322049 0.00300786
-0.2375 0.316221 0.00350215
-0.2125 0.314279 0.00234858
-0.1875 0.313148 0.00310565
-0.1625 0.309385 0.00265206
-0.1375 0.309656 0.00299944
-0.1125 0.30618 0.00272782
-0.0875 0.303607 0.00244724
-0.0625 0.303689 0.00220217
-0.0375 0.302492 0.00241681
-0.0125 0.302705 0.00249968
0.0125 0.302049 0.0021162
0.0375 0.30209 0.00197328
0.0625 0.303836 0.00233977
0.0875 0.308541 0.00228619
0.1125 0.310656 0.00288294
0.1375 0.310959 0.00232678
0.1625 0.312598 0.00285282
0.1875 0.315459 0.00202338
0.2125 0.317902 0.00299149
0.2375 0.320795 0.00297134
0.2625 0.325508 0.00273492
0.2875 0.327 0.00303657
0.3125 0.330557 0.003199
0.3375 0.335164 0.00360739
0.3625 0.336156 0.00397605
0.3875 0.342926 0.00350822
0.4125 0.348795 0.00296794
0.4375 0.353566 0.00465626
0.4625 0.353385 0.00392349
0.4875 0.362074 0.00476489
0.5125 0.36368 0.00554976
0.5375 0.36691 0.00452869
0.5625 0.374443 0.00469437
0.5875 0.374148 0.00511131
0.6125 0.379574 0.0039989
0.6375 0.385066 0.00494698
0.6625 0.382418 0.00509186
0.6875 0.38682 0.00512211
0.7125 0.387541 0.00591149
0.7375 0.389369 0.00602374
0.7625 0.388148 0.00589844
0.7875 0.390623 0.00488732
0.8125 0.392533 0.00560118
0.8375 0.391254 0.0058862
0.8625 0.385861 0.0061468
0.8875 0.387303 0.00543334
0.9125 0.382352 0.00530121
0.9375 0.372107 0.00533358
0.9625 0.373959 0.00549524
0.9875 0.366189 0.00601164
1.0125 0.360639 0.00581237
1.0375 0.347533 0.00614136
1.0625 0.335016 0.00552938
1.0875 0.330574 0.00642267
1.1125 0.32023 0.0060067
1.1375 0.309254 0.00482319
1.1625 0.295861 0.00591644
1.1875 0.286861 0.00588563
1.2125 0.27273 0.00595418
1.2375 0.262475 0.00649903
1.2625 0.246787 0.00508118
1.2875 0.235787 0.00523511
1.3125 0.220303 0.00472538
1.3375 0.202238 0.00513211
1.3625 0.194336 0.00485707
1.3875 0.17882 0.00473028
1.4125 0.165459 0.0043806
1.4375 0.152336 0.00327225
1.4625 0.139992 0.00351276
1.4875 0.125131 0.0030264
1.5125 0.11423 0.00255702
1.5375 0.10559 0.00292442
1.5625 0.0945738 0.00209961
1.5875 0.0831967 0.00168659
1.6125 0.0739508 0.00175532
1.6375 0.065041 0.00175333
1.6625 0.0575984 0.00118523
1.6875 0.0495328 0.00135597
1.7125 0.0446393 0.0015279
1.7375 0.0382951 0.00109716
1.7625 0.0335574 0.00105411
1.7875 0.0286967 0.00114956
1.8125 0.0229754 0.000870033
1.8375 0.0203852 0.000893501
1.8625 0.0167787 0.000668249
1.8875 0.0145164 0.000610584
1.9125 0.0115738 0.00040045
1.9375 0.00969672 0.000489239
1.9625 0.00813115 0.000437339
1.9875 0.00643443 0.000309718
2.0125 0.00531967 0.000339046
2.0375 0.00416393 0.000289659
2.0625 0.00336885 0.000241901
2.0875 0.0022623 0.00014872
2.1125 0.00213934 0.00012564
2.1375 0.00159016 0.0001652
2.1625 0.00109836 9.49547e-05
2.1875 0.000795082 8.46091e-05
2.2125 0.000590164 7.27618e-05
2.2375 0.000491803 7.33137e-05
2.2625 0.000352459 7.26463e-05
2.2875 0.000262295 6.06779e-05
2.3125 0.000188525 3.89236e-05
2.3375 0.000131148 4.11472e-05
2.3625 9.83607e-05 2.69372e-05
2.3875 4.91803e-05 2.04097e-05
2.4125 7.37705e-05 3.56816e-05
2.4375 7.37705e-05 2.94968e-05
2.4625 8.19672e-06 7.98918e-06
2.4875 5.7377e-05 2.66236e-05
2.5125 0 0
2.5375 0 0
2.5625 0 0
2.5875 8.19672e-06 7.98918e-06
2.6125 0 0
2.6375 0 0
2.6625 0 0
2.6875 0 0
2.7125 0 0
2.7375 0 0
2.7625 0 0
2.7875 0 0
2.8125 0 0
2.8375 0 0
2.8625 0 0
2.8875 0 0
2.9125 0 0
2.9375 0 0
2.9625 0 0
2.9875 0 0
3.0125 0 0
3.0375 0 0
3.0625 0 0
3.0875 0 0
3.1125 0 0
3.1375 0 0
3.1625 0 0
3.1875 0 0
3.2125 0 0
3.2375 0 0
3.2625 0 0
3.2875 0 0
3.3125 0 0
3.3375 0 0
3.3625 0 0
3.3875 0 0
3.4125 0 0
3.4375 0 0
3.4625 0 0
3.4875 0 0
3.5125 0 0
3.5375 0 0
3.5625 0 0
3.5875 0 0
3.6125 0 0
3.6375 0 0
3.6625 0 0
3.6875 0 0
3.7125 0 0
3.7375 0 0
3.7625 0 0
3.7875 0 0
3.8125 0 0
3.8375 0 0
3.8625 0 0
3.8875 0 0
3.9125 0 0
3.9375 0 0
3.9625 0 0
3.9875 0 0
4.0125 0 0
4.0375 0 0
4.0625 0 0
4.0875 0 0
4.1125 0 0
4.1375 0 0
4.1625 0 0
4.1875 0 0
4.2125 0 0
4.2375 0 0
4.2625 0 0
4.2875 0 0
4.3125 0 0
4.3375 0 0
4.3625 0 0
4.3875 0 0
4.4125 0 0
4.4375 0 0
4.4625 0 0
4.4875 0 0
4.5125 0 0
4.5375 0 0
4.5625 0 0
4.5875 0 0
4.6125 0 0
4.6375 0 0
4.6625 0 0
4.6875 0 0
4.7125 0 0
4.7375 0 0
4.7625 0 0
4.7875 0 0
4.8125 0 0
4.8375 0 0
4.8625 0 0
4.8875 0 0
4.9125 0 0
4.9375 0 0
4.9625 0 0
4.9875 0 0
