0 0 0
1 -7.5969 3.23269
2 1.86289 4.29345
3 1.53651 4.07649
4 0.243286 3.97515
5 -3.17646 4.72019
6 -1.0239 3.23094
7 -4.25668 2.99982
8 2.28009 3.46842
9 -1.49278 2.93452
10 7.98237 5.0984
11 6.29699 3.86951
12 3.81644 2.81494
13 1.86999 3.99414
14 -0.358303 4.04859
15 -1.33891 3.40124
16 5.05867 3.11774
17 -1.05434 2.85885
18 -2.10315 3.7877
19 -2.24223 3.75354
20 -3.46489 3.41628
21 3.3665 3.46944
22 5.20892 4.23102
23 1.65201 3.16648
24 0.523748 3.28463
25 -3.416 3.47421
26 1.54353 3.21986
27 -2.15406 3.85917
28 1.02508 3.84892
29 -1.18051 2.961
30 -5.58257 3.59401
31 1.95112 3.80874
32 4.97557 2.36131
33 0.180241 5.52674
34 -0.694829 2.68565
35 -6.79773 2.37964
36 -4.63807 4.42639
37 -4.33859 3.50584
38 3.03504 3.9616
39 1.27124 3.67193
40 -3.12619 2.85145
41 -2.66339 3.45951
42 4.1693 3.79249
43 -0.325502 3.88353
44 0.252209 3.77678
45 -1.55796 3.16023
46 -2.152 4.41045
47 7.12958 3.0406
48 -7.56157 2.8416
49 0.208781 4.23559
50 5.04615 3.07482
51 -3.57033 3.98879
52 -2.01425 3.59638
53 0.506267 3.82457
54 -8.24031 3.84847
55 5.95428 3.86142
56 -10.4015 4.59328
57 -0.821226 3.54758
58 3.29952 3.53696
59 -5.94604 2.79808
60 -7.26798 4.68066
61 2.19696 3.37483
62 0.980855 3.53126
63 0.432494 3.3465
64 -3.98748 3.56186
65 -0.728291 5.30709
66 0.585698 5.02085
67 -5.7564 4.26668
68 1.91088 4.0042
69 -3.42313 4.08251
70 1.95321 3.91634
71 -0.945761 3.8928
72 2.30573 4.52756
73 -2.42288 3.78835
74 3.87688 4.97946
75 -2.30225 4.20107
76 3.0914 4.554
77 -1.94233 3.16941
78 -0.519591 3.37236
79 0.884541 4.21845
80 8.89547 4.4624
81 -3.2616 2.88096
82 0.700699 3.32855
83 0.83996 3.3254
84 2.60401 3.81227
85 0.351369 4.67144
86 5.60007 3.60048
87 3.31132 3.66817
88 2.72468 5.47241
89 3.08842 3.91364
90 -5.15584 3.31488
91 1.28128 3.86349
92 4.55708 3.45166
93 -4.00988 3.96914
94 -1.01583 2.9557
95 3.59254 3.36741
96 1.59233 4.27972
97 1.75654 2.77145
98 -4.07316 3.57327
99 -2.00242 3.83062
100 4.05048 4.46816
101 -6.44769 3.6673
102 2.11072 3.88975
103 -1.05585 2.9713
104 -3.18803 4.36285
105 2.3418 3.79943
106 2.05461 4.16771
107 0.749946 4.22826
108 -0.831024 4.65618
109 1.88855 4.71263
110 -1.32966 3.3809
111 2.41739 3.23841
112 -7.90467 3.36862
113 4.94939 3.99446
114 -0.86035 4.16254
115 -0.301018 4.07771
116 5.34176 4.00241
117 -0.887234 4.63723
118 -8.706 3.94449
119 2.62277 3.05981
120 4.11079 3.67772
121 -0.888507 3.11499
122 -1.12968 3.50555
123 -2.29636 2.78032
124 -0.0554911 2.90542
125 -5.8998 4.56765
126 2.40389 3.89069
127 -2.0272 3.76637
128 -1.28134 3.9479
129 -3.04643 4.59375
130 -3.02603 3.31442
131 -4.1402 5.21364
132 1.33194 4.1782
133 -3.49662 4.33839
134 0.477739 4.65942
135 -8.58305 3.71524
136 2.21384 4.36076
137 -6.19985 3.78454
138 3.86928 3.84858
139 -1.2984 3.39987
140 -5.96448 3.21058
141 3.75758 2.69151
142 -1.49458 4.01334
143 3.38256 3.01395
144 -2.12423 3.69595
145 -4.39317 3.42187
146 -1.75043 3.89518
147 -0.221953 4.30853
148 1.77424 3.88089
149 0.547946 3.76297
150 2.53135 3.46949
151 3.64341 4.34908
152 -1.72936 3.72874
153 6.07711 4.56745
154 3.59791 2.89544
155 -0.896639 3.52911
156 -5.69805 3.92876
157 3.36643 3.62768
158 -3.60692 3.9682
159 5.1409 4.03945
160 1.00991 4.78544
161 4.68511 3.27412
162 -1.59758 3.24755
163 -4.87953 3.76451
164 -6.24765 4.24299
165 -4.11207 3.87546
166 -5.33041 2.99342
167 -4.96114 4.02835
168 -5.55332 2.87889
169 -0.627227 3.66341
170 -2.54353 4.22702
171 4.99519 3.78321
172 -1.61986 3.95084
173 -1.43273 4.71798
174 2.76575 3.34724
175 -4.85374 3.81525
176 6.13639 2.83357
177 -0.770054 3.60642
178 1.0654 3.53766
179 0.575383 2.52413
180 -0.398945 3.71379
181 5.01355 4.0713
182 -1.20935 3.50182
183 -6.51398 4.16711
184 -13.5907 3.46487
185 0.469061 3.84068
186 -1.99671 2.57738
187 -2.3053 2.87324
188 -0.881445 4.84048
189 2.47271 4.0887
190 -1.9021 3.42895
191 -2.14937 3.55592
192 -4.19704 3.57286
193 3.67501 3.26412
194 2.1771 3.51204
195 6.51376 4.34189
196 -2.02095 3.48941
197 0.356175 4.36202
198 2.56607 2.8205
199 -4.0738 4.08271
200 -4.90155 3.0327
201 -0.638822 3.79823
202 -4.80104 3.77316
203 1.45992 2.57982
204 -6.96857 3.271
205 2.18116 3.84372
206 4.11001 3.30414
207 -5.42875 4.61722
208 1.31614 2.85833
209 -1.1987 3.77494
210 1.86393 4.56677
211 0.659218 4.06088
212 -2.63326 4.275
213 -6.68055 4.13732
214 -5.03071 5.14547
215 4.2065 3.49388
216 -7.24939 2.99144
217 -5.86752 4.34205
218 8.95472 2.79157
219 1.17397 4.31471
220 -2.50585 3.92627
221 6.7602 3.41376
222 0.364834 4.76699
223 0.765924 3.71057
224 -3.59331 5.03157
225 9.51709 4.50766
226 -3.38422 3.48311
227 -7.64885 4.61496
228 -1.48766 4.81503
229 -0.854684 5.37013
230 7.07488 4.47897
231 3.46677 4.81647
232 -2.73595 3.4675
233 -0.696598 3.76821
234 -3.10936 4.50364
235 -0.387897 4.08735
236 8.67609 5.41592
237 -2.15017 3.96552
238 4.40072 3.06385
239 -5.12992 4.21009
240 -1.7939 4.14038
241 2.68543 4.08026
242 -1.11277 3.84113
243 0.137234 4.14251
244 -2.15878 3.89156
245 -0.941691 3.82575
246 -2.32562 4.46612
247 2.71929 3.7827
248 -1.78617 3.77604
249 -1.01222 4.12383
250 4.58766 3.00781
251 -0.291283 3.29193
252 -2.5998 3.35069
253 11.4319 3.61006
254 -2.28244 4.18002
255 -0.220215 3.4185
256 -5.68057 3.47641
257 -1.81031 3.88975
258 -4.52903 2.46843
259 -2.50208 2.9477
260 -2.45492 3.43964
261 2.54875 4.85327
262 0.257584 3.32486
263 -5.87141 3.83322
264 10.2119 4.24375
265 -2.18484 3.6811
266 1.3588 3.80215
267 1.90774 4.09718
268 7.23248 3.41864
269 -4.37125 3.15151
270 1.93369 3.73182
271 -0.915735 3.67107
272 9.11151 3.60107
273 0.480924 3.63877
274 0.34637 4.43432
275 -4.68754 3.70139
276 -4.41428 2.72668
277 -8.47872 3.28807
278 3.17284 2.87623
279 3.34895 4.84657
280 0.214576 4.80801
281 -1.34289 4.13519
282 -2.04173 3.8286
283 -4.52413 2.90841
284 6.92284 2.81816
285 -3.00553 3.08837
286 -5.03113 4.3435
287 1.46146 4.32736
288 5.87438 3.39816
289 0.449184 3.48937
290 -4.48636 3.43564
291 2.03195 3.58118
292 1.54164 4.10666
293 0.254238 3.5609
294 -7.56479 2.50521
295 -6.5152 2.67677
296 4.27772 3.02216
297 1.1329 3.92612
298 -2.77751 4.4683
299 0 0
