0 -0.780114 0.00416106
1 -0.781681 0.00362016
2 -0.78506 0.00348063
3 -0.783572 0.00341423
4 -0.783312 0.00373121
5 -0.784631 0.00380215
6 -0.783623 0.00369892
7 -0.781203 0.00461193
8 -0.780485 0.00426529
9 -0.785285 0.00410083
10 -0.781326 0.00383044
11 -0.781712 0.00431685
12 -0.778073 0.00353274
13 -0.778926 0.00272118
14 -0.778606 0.00313753
15 -0.782075 0.00415932
16 -0.782563 0.00509108
17 -0.777432 0.00557611
18 -0.778079 0.00391137
19 -0.779456 0.00454892
20 -0.778329 0.00338253
21 -0.783448 0.00421782
22 -0.782237 0.00356036
23 -0.781648 0.00435965
24 -0.779808 0.00461195
25 -0.780316 0.00386626
26 -0.779967 0.00340712
27 -0.774842 0.00409215
28 -0.775759 0.00496539
29 -0.775728 0.00523912
30 -0.777174 0.00537861
31 -0.778541 0.00463327
32 -0.776785 0.00476743
33 -0.771782 0.00393198
34 -0.774785 0.00377995
35 -0.774802 0.00304993
36 -0.777134 0.00312227
37 -0.779658 0.00324475
38 -0.776275 0.0038553
39 -0.777906 0.00378575
40 -0.780028 0.00387759
41 -0.779079 0.00366505
42 -0.779352 0.00350448
43 -0.782546 0.00322959
44 -0.785588 0.00332341
45 -0.78368 0.00350758
46 -0.782981 0.00333836
47 -0.783794 0.00414356
48 -0.781329 0.00419465
49 -0.783349 0.0035793
50 -0.784509 0.00392228
51 -0.785946 0.00468545
52 -0.787047 0.00436455
53 -0.785007 0.00404307
54 -0.784685 0.00353673
55 -0.784234 0.00347541
56 -0.785662 0.00325127
57 -0.787023 0.003363
58 -0.787441 0.0030048
59 -0.780939 0.00316117
60 -0.78048 0.00317838
61 -0.781255 0.00328265
62 -0.781148 0.00302931
63 -0.779095 0.00295427
64 -0.779381 0.00308357
65 -0.781986 0.00345605
66 -0.786346 0.00333934
67 -0.784434 0.00371214
68 -0.786586 0.00367988
69 -0.782128 0.00421042
70 -0.786759 0.00404941
71 -0.784835 0.00360258
72 -0.782061 0.00314393
73 -0.778533 0.0027687
74 -0.774914 0.00304725
75 -0.772885 0.00323432
76 -0.774196 0.00378852
77 -0.774223 0.00383223
78 -0.780787 0.00298863
79 -0.782044 0.00298211
80 -0.783607 0.00395716
81 -0.783094 0.00365408
82 -0.783854 0.00391511
83 -0.783031 0.00417272
84 -0.782736 0.00394032
85 -0.783057 0.00371948
86 -0.780487 0.00396488
87 -0.777507 0.00412416
88 -0.778686 0.00372566
89 -0.777135 0.00299595
90 -0.777687 0.00293516
91 -0.779136 0.00298456
92 -0.777829 0.00273499
93 -0.779184 0.00329491
94 -0.777429 0.00301627
95 -0.772063 0.0029459
96 -0.775876 0.00338661
97 -0.778147 0.0036717
98 -0.780201 0.00341479
99 -0.778404 0.00335045
100 -0.783748 0.00321856
101 -0.782986 0.00351775
102 -0.783295 0.00387247
103 -0.78121 0.00398492
104 -0.783324 0.00397765
105 -0.783227 0.0037482
106 -0.781732 0.00335694
107 -0.781381 0.00347863
108 -0.780577 0.00353763
109 -0.780857 0.00362185
110 -0.783003 0.00306346
111 -0.78472 0.00354426
112 -0.784668 0.00326639
113 -0.785557 0.00346971
114 -0.786214 0.00319603
115 -0.784433 0.00383859
116 -0.782903 0.00403183
117 -0.785067 0.00365965
118 -0.786288 0.0036655
119 -0.790648 0.00313951
120 -0.78613 0.00392154
121 -0.787603 0.00367549
122 -0.787298 0.00333868
123 -0.787743 0.00317171
124 -0.786254 0.00311641
125 -0.785297 0.00360981
126 -0.785413 0.00314533
127 -0.785836 0.00230207
128 -0.785845 0.00278947
129 -0.789259 0.00244565
130 -0.789168 0.00317794
131 -0.788483 0.00330367
132 -0.786233 0.00309687
133 -0.786008 0.00273706
134 -0.787652 0.00320697
135 -0.783826 0.00352776
136 -0.783154 0.00385221
137 -0.782746 0.00327584
138 -0.784007 0.00296909
139 -0.784561 0.00277366
140 -0.779612 0.00224669
141 -0.780844 0.00287968
142 -0.782641 0.0023633
143 -0.780689 0.00248869
144 -0.778399 0.00234672
145 -0.779822 0.00268732
146 -0.782883 0.00301438
147 -0.784369 0.00242225
148 -0.786938 0.00278976
149 -0.786193 0.00330879
150 -0.78705 0.00205176
151 -0.785331 0.00268769
152 -0.783068 0.00352277
153 -0.779596 0.00342222
154 -0.780673 0.00287056
155 -0.781609 0.00338765
156 -0.780834 0.00323691
157 -0.781631 0.00317727
158 -0.779179 0.0033267
159 -0.782832 0.00353862
160 -0.785625 0.00352567
161 -0.78555 0.003566
162 -0.782652 0.00318015
163 -0.781646 0.00292579
164 -0.780678 0.00337119
165 -0.780249 0.0033424
166 -0.77952 0.00400147
167 -0.782178 0.00349852
168 -0.780688 0.004106
169 -0.779001 0.00394924
170 -0.779733 0.0040981
171 -0.780497 0.00458871
172 -0.779366 0.00485883
173 -0.781371 0.00504468
174 -0.782087 0.00439463
175 -0.78322 0.00389792
176 -0.785041 0.00352481
177 -0.784853 0.00347005
178 -0.782853 0.00339609
179 -0.781732 0.00310193
180 -0.78082 0.00274543
181 -0.781656 0.0025804
182 -0.781004 0.00324379
183 -0.78019 0.00316053
184 -0.779206 0.00386801
185 -0.781937 0.00341224
186 -0.782098 0.00378364
187 -0.782828 0.00335244
188 -0.780498 0.0030679
189 -0.779196 0.0034966
190 -0.780583 0.00309868
191 -0.77922 0.00325905
192 -0.781741 0.00295597
193 -0.781752 0.00310303
194 -0.781142 0.00361327
195 -0.778624 0.0034062
196 -0.778119 0.00325801
197 -0.78012 0.00362878
198 -0.778517 0.00388624
199 -0.777762 0.00422649
200 -0.777459 0.0041533
201 -0.779711 0.00318167
202 -0.77834 0.00344387
203 -0.780641 0.0033847
204 -0.777048 0.00344476
205 -0.773795 0.00308534
206 -0.775442 0.00248332
207 -0.777868 0.00268498
208 -0.778906 0.00314384
209 -0.782116 0.00312609
210 -0.781139 0.0032064
211 -0.780879 0.00312391
212 -0.778487 0.00276279
213 -0.777616 0.00367958
214 -0.780749 0.00400867
215 -0.782219 0.00302383
216 -0.783926 0.0029316
217 -0.783423 0.00327796
218 -0.782067 0.00355607
219 -0.783454 0.00337525
220 -0.784115 0.00368731
221 -0.781413 0.00346959
222 -0.778678 0.00328755
223 -0.780487 0.00340034
224 -0.780639 0.00335498
225 -0.781113 0.00340719
226 -0.78119 0.00369596
227 -0.781803 0.00339765
228 -0.783686 0.00319457
229 -0.778834 0.00361707
230 -0.777664 0.00338174
231 -0.774424 0.00280261
232 -0.773454 0.00387768
233 -0.77364 0.00387132
234 -0.77358 0.00386526
235 -0.773568 0.00489325
236 -0.772713 0.00465022
237 -0.773197 0.00495589
238 -0.777467 0.00427279
239 -0.782529 0.00447673
240 -0.782298 0.00374687
241 -0.780062 0.00355539
242 -0.779711 0.00335291
243 -0.777404 0.00323079
244 -0.777563 0.00290322
245 -0.777986 0.00254381
246 -0.780997 0.00365581
247 -0.78248 0.00395364
248 -0.785536 0.00404618
249 -0.788838 0.0048659
250 -0.789323 0.00382299
251 -0.789569 0.00376395
252 -0.786926 0.00431281
253 -0.784639 0.00438877
254 -0.781267 0.00435378
255 -0.781125 0.00442676
256 -0.780038 0.00387788
257 -0.77992 0.00323918
258 -0.781343 0.00366513
259 -0.782382 0.00443333
260 -0.782098 0.00479434
261 -0.780315 0.00442603
262 -0.782528 0.00475501
263 -0.78034 0.00462669
264 -0.784042 0.00453737
265 -0.786315 0.00366091
266 -0.787169 0.00391335
267 -0.789805 0.00420267
268 -0.789385 0.00356835
269 -0.786313 0.003968
270 -0.785517 0.00415087
271 -0.785881 0.00394092
272 -0.785675 0.00400745
273 -0.788599 0.00340072
274 -0.786431 0.0036484
275 -0.787565 0.00268577
276 -0.787253 0.00268404
277 -0.784316 0.00475022
278 -0.786051 0.00431365
279 -0.78513 0.00423604
280 -0.782422 0.00488695
281 -0.785936 0.00354675
282 -0.781238 0.00443265
283 -0.78157 0.00412925
284 -0.784706 0.00438677
285 -0.785615 0.00509348
286 -0.781027 0.00558733
287 -0.783133 0.00525983
288 -0.779671 0.00449163
289 -0.78535 0.00442196
290 -0.784998 0.00481448
291 -0.784345 0.00545964
292 -0.789935 0.00566361
293 -0.790119 0.00440252
294 -0.790743 0.00539989
295 -0.791237 0.00548183
296 -0.787251 0.00567512
297 -0.784333 0.00507314
298 -0.782415 0.00594752
299 -0.782032 0.00601376
