-4.9875 0 0
-4.9625 0 0
-4.9375 0 0
-4.9125 0 0
-4.8875 0 0
-4.8625 0 0
-4.8375 0 0
-4.8125 0 0
-4.7875 0 0
-4.7625 0 0
-4.7375 0 0
-4.7125 0 0
-4.6875 0 0
-4.6625 0 0
-4.6375 0 0
-4.6125 0 0
-4.5875 0 0
-4.5625 0 0
-4.5375 0 0
-4.5125 0 0
-4.4875 0 0
-4.4625 0 0
-4.4375 0 0
-4.4125 0 0
-4.3875 0 0
-4.3625 0 0
-4.3375 0 0
-4.3125 0 0
-4.2875 0 0
-4.2625 0 0
-4.2375 0 0
-4.2125 0 0
-4.1875 0 0
-4.1625 0 0
-4.1375 0 0
-4.1125 0 0
-4.0875 0 0
-4.0625 0 0
-4.0375 0 0
-4.0125 0 0
-3.9875 0 0
-3.9625 0 0
-3.9375 0 0
-3.9125 0 0
-3.8875 0 0
-3.8625 0 0
-3.8375 0 0
-3.8125 0 0
-3.7875 0 0
-3.7625 0 0
-3.7375 0 0
-3.7125 0 0
-3.6875 0 0
-3.6625 0 0
-3.6375 0 0
-3.6125 0 0
-3.5875 0 0
-3.5625 0 0
-3.5375 0 0
-3.5125 0 0
-3.4875 0 0
-3.4625 0 0
-3.4375 0 0
-3.4125 0 0
-3.3875 0 0
-3.3625 0 0
-3.3375 0 0
-3.3125 0 0
-3.2875 0 0
-3.2625 0 0
-3.2375 0 0
-3.2125 0 0
-3.1875 0 0
-3.1625 0 0
-3.1375 0 0
-3.1125 0 0
-3.0875 0 0
-3.0625 0 0
-3.0375 0 0
-3.0125 0 0
-2.9875 0 0
-2.9625 0 0
-2.9375 0 0
-2.9125 0 0
-2.8875 0 0
-2.8625 0 0
-2.8375 0 0
-2.8125 0 0
-2.7875 0 0
-2.7625 0 0
-2.7375 0 0
-2.7125 0 0
-2.6875 0 0
-2.6625 0 0
-2.6375 0 0
-2.6125 0 0
-2.5875 0 0
-2.5625 0 0
-2.5375 8.19672e-06 7.98918e-06
-2.5125 1.63934e-05 1.09971e-05
-2.4875 1.63934e-05 1.09971e-05
-2.4625 3.27869e-05 2.19941e-05
-2.4375 8.19672e-05 4.41407e-05
-2.4125 8.19672e-05 3.75621e-05
-2.3875 0.000196721 9.17154e-05
-2.3625 0.000196721 9.38874e-05
-2.3375 0.000262295 0.000141687
-2.3125 0.000319672 0.000116771
-2.2875 0.000688525 0.00023745
-2.2625 0.00057377 0.000210098
-2.2375 0.000721311 0.000158263
-2.2125 0.000860656 0.000216206
-2.1875 0.00122951 0.000234575
-2.1625 0.0017459 0.000254831
-2.1375 0.00202459 0.000279236
-2.1125 0.00258197 0.000290926
-2.0875 0.00345082 0.000332442
-2.0625 0.00406557 0.000317373
-2.0375 0.00470492 0.000475
-2.0125 0.00617213 0.000495651
-1.9875 0.00727049 0.000543496
-1.9625 0.00856557 0.000620343
-1.9375 0.0101885 0.000817396
-1.9125 0.0125082 0.000775888
-1.8875 0.0151148 0.000983374
-1.8625 0.0180492 0.000806192
-1.8375 0.0209672 0.00108488
-1.8125 0.0252869 0.00136164
-1.7875 0.0295 0.00135653
-1.7625 0.0351066 0.00173683
-1.7375 0.0391475 0.00156824
-1.7125 0.0456639 0.00173005
-1.6875 0.0541475 0.00201116
-1.6625 0.0610574 0.00218499
-1.6375 0.0698934 0.00218882
-1.6125 0.0783607 0.00306268
-1.5875 0.0883197 0.00282755
-1.5625 0.0969098 0.00300549
-1.5375 0.109656 0.00331662
-1.5125 0.119902 0.00322371
-1.4875 0.131893 0.00339216
-1.4625 0.145418 0.00300281
-1.4375 0.160295 0.00372969
-1.4125 0.170869 0.0037371
-1.3875 0.184795 0.0041721
-1.3625 0.202525 0.00421545
-1.3375 0.214 0.00405231
-1.3125 0.23141 0.00426997
-1.2875 0.244361 0.00472887
-1.2625 0.260885 0.00504022
-1.2375 0.274025 0.00510753
-1.2125 0.293533 0.00613582
-1.1875 0.302557 0.00668785
-1.1625 0.312516 0.00667185
-1.1375 0.325451 0.00588009
-1.1125 0.336295 0.00608891
-1.0875 0.34382 0.00640578
-1.0625 0.352943 0.00581774
-1.0375 0.360893 0.00677638
-1.0125 0.36759 0.00650564
-0.9875 0.375566 0.00712281
-0.9625 0.380328 0.00692932
-0.9375 0.384754 0.00797198
-0.9125 0.389852 0.0072009
-0.8875 0.395025 0.00780174
-0.8625 0.390459 0.00713491
-0.8375 0.387984 0.00617447
-0.8125 0.387434 0.00685739
-0.7875 0.386418 0.00684505
-0.7625 0.387311 0.0072534
-0.7375 0.384689 0.00697887
-0.7125 0.385525 0.00621448
-0.6875 0.386811 0.00622555
-0.6625 0.38759 0.006142
-0.6375 0.379467 0.00634324
-0.6125 0.377352 0.00668634
-0.5875 0.372697 0.00591645
-0.5625 0.367754 0.00603809
-0.5375 0.36368 0.00608366
-0.5125 0.357697 0.0057966
-0.4875 0.347631 0.00652326
-0.4625 0.34477 0.00670974
-0.4375 0.338213 0.00613683
-0.4125 0.33323 0.00604956
-0.3875 0.332025 0.0054031
-0.3625 0.329098 0.00530395
-0.3375 0.324566 0.00536877
-0.3125 0.321639 0.00409828
-0.2875 0.320418 0.004519
-0.2625 0.31382 0.00395568
-0.2375 0.312115 0.0036902
-0.2125 0.306189 0.00414284
-0.1875 0.302967 0.00373668
-0.1625 0.299967 0.00349733
-0.1375 0.297787 0.00342596
-0.1125 0.29532 0.00282068
-0.0875 0.295361 0.00313499
-0.0625 0.290861 0.00215235
-0.0375 0.289123 0.00259709
-0.0125 0.284951 0.00334064
0.0125 0.284541 0.00309059
0.0375 0.284033 0.00305245
0.0625 0.286656 0.00297234
0.0875 0.287033 0.00251958
0.1125 0.291115 0.00395217
0.1375 0.292336 0.00350375
0.1625 0.293623 0.00354536
0.1875 0.300344 0.00421318
0.2125 0.300902 0.00287934
0.2375 0.303352 0.00344054
0.2625 0.306631 0.0038772
0.2875 0.312582 0.00355068
0.3125 0.318484 0.00288298
0.3375 0.323057 0.00286197
0.3625 0.32677 0.00363881
0.3875 0.329943 0.00356163
0.4125 0.331516 0.00418548
0.4375 0.339172 0.00429812
0.4625 0.343377 0.00396256
0.4875 0.352115 0.00504032
0.5125 0.356877 0.00514181
0.5375 0.363541 0.00498484
0.5625 0.364262 0.00601011
0.5875 0.367828 0.00635532
0.6125 0.371574 0.00590339
0.6375 0.375689 0.0053846
0.6625 0.381943 0.00535924
0.6875 0.386148 0.00504557
0.7125 0.390893 0.00540764
0.7375 0.391607 0.00489083
0.7625 0.392934 0.00504413
0.7875 0.393803 0.00550916
0.8125 0.397713 0.00591837
0.8375 0.398803 0.0058959
0.8625 0.400672 0.00580581
0.8875 0.393475 0.00551209
0.9125 0.393697 0.00666902
0.9375 0.38682 0.00751826
0.9625 0.386049 0.00760551
0.9875 0.375016 0.00734423
1.0125 0.368795 0.00810816
1.0375 0.362262 0.00796184
1.0625 0.348303 0.0077038
1.0875 0.337451 0.00789331
1.1125 0.329967 0.0073906
1.1375 0.31823 0.00760975
1.1625 0.302508 0.00752008
1.1875 0.290992 0.00723659
1.2125 0.276574 0.00812396
1.2375 0.266123 0.00856401
1.2625 0.246992 0.0080524
1.2875 0.236885 0.0072978
1.3125 0.224852 0.00713329
1.3375 0.211025 0.00673962
1.3625 0.195926 0.00577669
1.3875 0.181828 0.00567367
1.4125 0.170951 0.00524869
1.4375 0.158041 0.00389075
1.4625 0.145066 0.00403966
1.4875 0.127361 0.00322353
1.5125 0.116852 0.00318549
1.5375 0.105287 0.00302664
1.5625 0.0950902 0.00260502
1.5875 0.0833934 0.00297149
1.6125 0.0733279 0.00268275
1.6375 0.0647213 0.00264307
1.6625 0.0574344 0.00246857
1.6875 0.0502869 0.00232061
1.7125 0.0455902 0.00228213
1.7375 0.0379672 0.00230899
1.7625 0.0330574 0.0017752
1.7875 0.028959 0.00152861
1.8125 0.0244508 0.00122892
1.8375 0.0206803 0.0011833
1.8625 0.0169426 0.000906713
1.8875 0.013877 0.000632081
1.9125 0.0112459 0.000630817
1.9375 0.00920492 0.000563881
1.9625 0.00741803 0.000489733
1.9875 0.00577869 0.000421614
2.0125 0.00452459 0.000318387
2.0375 0.00381967 0.000410835
2.0625 0.00296721 0.000381988
2.0875 0.00232787 0.000366678
2.1125 0.00187705 0.000262161
2.1375 0.00145902 0.000228305
2.1625 0.00108197 0.000224596
2.1875 0.000721311 0.000169337
2.2125 0.00042623 0.000104585
2.2375 0.000303279 0.000112552
2.2625 0.000245902 7.73277e-05
2.2875 0.000122951 6.54456e-05
2.3125 0.000163934 8.59679e-05
2.3375 0.000114754 6.76912e-05
2.3625 0.000139344 9.43691e-05
2.3875 0.000163934 0.000116497
2.4125 0.000180328 0.000134136
2.4375 0.000139344 9.36545e-05
2.4625 5.7377e-05 3.89236e-05
2.4875 4.91803e-05 3.49684e-05
2.5125 3.27869e-05 3.19567e-05
2.5375 2.45902e-05 2.39675e-05
2.5625 3.27869e-05 2.48619e-05
2.5875 9.01639e-05 6.07609e-05
2.6125 5.7377e-05 3.89236e-05
2.6375 8.19672e-06 7.98918e-06
2.6625 3.27869e-05 3.19567e-05
2.6875 1.63934e-05 1.59784e-05
2.7125 8.19672e-06 7.98918e-06
2.7375 2.45902e-05 2.39675e-05
2.7625 0 0
2.7875 0 0
2.8125 0 0
2.8375 0 0
2.8625 0 0
2.8875 0 0
2.9125 0 0
2.9375 0 0
2.9625 0 0
2.9875 0 0
3.0125 0 0
3.0375 0 0
3.0625 0 0
3.0875 0 0
3.1125 0 0
3.1375 0 0
3.1625 0 0
3.1875 0 0
3.2125 0 0
3.2375 0 0
3.2625 0 0
3.2875 0 0
3.3125 0 0
3.3375 0 0
3.3625 0 0
3.3875 0 0
3.4125 0 0
3.4375 0 0
3.4625 0 0
3.4875 0 0
3.5125 0 0
3.5375 0 0
3.5625 0 0
3.5875 0 0
3.6125 0 0
3.6375 0 0
3.6625 0 0
3.6875 0 0
3.7125 0 0
3.7375 0 0
3.7625 0 0
3.7875 0 0
3.8125 0 0
3.8375 0 0
3.8625 0 0
3.8875 0 0
3.9125 0 0
3.9375 0 0
3.9625 0 0
3.9875 0 0
4.0125 0 0
4.0375 0 0
4.0625 0 0
4.0875 0 0
4.1125 0 0
4.1375 0 0
4.1625 0 0
4.1875 0 0
4.2125 0 0
4.2375 0 0
4.2625 0 0
4.2875 0 0
4.3125 0 0
4.3375 0 0
4.3625 0 0
4.3875 0 0
4.4125 0 0
4.4375 0 0
4.4625 0 0
4.4875 0 0
4.5125 0 0
4.5375 0 0
4.5625 0 0
4.5875 0 0
4.6125 0 0
4.6375 0 0
4.6625 0 0
4.6875 0 0
4.7125 0 0
4.7375 0 0
4.7625 0 0
4.7875 0 0
4.8125 0 0
4.8375 0 0
4.8625 0 0
4.8875 0 0
4.9125 0 0
4.9375 0 0
4.9625 0 0
4.9875 0 0
