0 -0.78526 0.00422593
1 -0.787468 0.00477544
2 -0.788513 0.004405
3 -0.789373 0.00388215
4 -0.794046 0.00403949
5 -0.794888 0.00456404
6 -0.792196 0.00410114
7 -0.792034 0.00438936
8 -0.791071 0.00397298
9 -0.791756 0.00431914
10 -0.790637 0.00400773
11 -0.791668 0.0048938
12 -0.791217 0.00496891
13 -0.785887 0.00450986
14 -0.786994 0.00392736
15 -0.787415 0.0034309
16 -0.784931 0.00362839
17 -0.787121 0.00367102
18 -0.785537 0.00430425
19 -0.787838 0.00450406
20 -0.785596 0.0043572
21 -0.785335 0.00430942
22 -0.78644 0.00435126
23 -0.786768 0.00455957
24 -0.784384 0.00400379
25 -0.782726 0.00331501
26 -0.781131 0.00365451
27 -0.780134 0.00355324
28 -0.78148 0.00367821
29 -0.779148 0.00310713
30 -0.778609 0.00286115
31 -0.776495 0.0034039
32 -0.778757 0.00322675
33 -0.779476 0.00337913
34 -0.781574 0.00323809
35 -0.780901 0.00341318
36 -0.779956 0.00309308
37 -0.780731 0.00285031
38 -0.780869 0.00316032
39 -0.77999 0.00324025
40 -0.781436 0.00365684
41 -0.781137 0.00349106
42 -0.777399 0.00360535
43 -0.777119 0.00332148
44 -0.777041 0.00259756
45 -0.775454 0.00241417
46 -0.776729 0.00302731
47 -0.778935 0.00351919
48 -0.778989 0.00393688
49 -0.782879 0.00299141
50 -0.783574 0.00316346
51 -0.78394 0.0031912
52 -0.785178 0.00297617
53 -0.78487 0.00284817
54 -0.782911 0.00320351
55 -0.7822 0.00314453
56 -0.782072 0.00335859
57 -0.782315 0.00315743
58 -0.782332 0.00312674
59 -0.779814 0.00271797
60 -0.77814 0.00250815
61 -0.780523 0.00273645
62 -0.778821 0.00298249
63 -0.779925 0.00307382
64 -0.782466 0.00314049
65 -0.786307 0.00280892
66 -0.785742 0.00272082
67 -0.784405 0.00230216
68 -0.783568 0.00260292
69 -0.78309 0.0025961
70 -0.782121 0.00321857
71 -0.78463 0.00335466
72 -0.783536 0.00355953
73 -0.782764 0.00351684
74 -0.784099 0.00393426
75 -0.785821 0.00354106
76 -0.785758 0.00263992
77 -0.78477 0.00303606
78 -0.783532 0.00338222
79 -0.781216 0.00280514
80 -0.782036 0.00344706
81 -0.782412 0.00310026
82 -0.784861 0.00276861
83 -0.785659 0.0028235
84 -0.785184 0.00257486
85 -0.785317 0.00263313
86 -0.785396 0.00300249
87 -0.783806 0.00273483
88 -0.782504 0.00207766
89 -0.781972 0.00196559
90 -0.782851 0.00222218
91 -0.781242 0.00240982
92 -0.77793 0.0024855
93 -0.777089 0.002472
94 -0.778827 0.00205444
95 -0.778761 0.00149723
96 -0.780615 0.00190793
97 -0.780198 0.00227415
98 -0.779329 0.00237181
99 -0.78071 0.00243595
100 -0.779161 0.00288276
101 -0.777033 0.00275866
102 -0.778286 0.00266029
103 -0.775808 0.00309689
104 -0.775944 0.00296191
105 -0.777353 0.00328749
106 -0.78078 0.00303252
107 -0.780333 0.00307255
108 -0.778309 0.00341094
109 -0.778653 0.00319056
110 -0.778965 0.00349289
111 -0.778902 0.00310498
112 -0.777764 0.00247814
113 -0.779014 0.00266392
114 -0.779841 0.00274796
115 -0.780737 0.00253847
116 -0.783047 0.00249366
117 -0.782335 0.00224143
118 -0.780676 0.00256571
119 -0.780711 0.00210156
120 -0.781257 0.00246234
121 -0.78106 0.00235618
122 -0.77909 0.00220648
123 -0.778364 0.00227251
124 -0.778236 0.00237758
125 -0.779334 0.00256213
126 -0.777853 0.00213729
127 -0.779574 0.00187998
128 -0.779275 0.00218278
129 -0.77809 0.00210429
130 -0.779674 0.0023044
131 -0.780756 0.00183367
132 -0.781517 0.00231231
133 -0.781987 0.0026523
134 -0.780758 0.00202121
135 -0.778183 0.00264423
136 -0.776777 0.0028325
137 -0.775356 0.00272143
138 -0.775982 0.00257721
139 -0.776181 0.0028089
140 -0.779377 0.0026827
141 -0.778548 0.00320006
142 -0.780101 0.00274418
143 -0.780461 0.00267178
144 -0.780212 0.00308029
145 -0.779352 0.00293593
146 -0.779053 0.00303004
147 -0.778617 0.00303471
148 -0.780921 0.00319111
149 -0.779309 0.00337186
150 -0.780524 0.00346939
151 -0.782355 0.00313725
152 -0.782534 0.00257436
153 -0.782363 0.00290917
154 -0.781315 0.00260546
155 -0.780638 0.00315017
156 -0.781013 0.00309018
157 -0.781552 0.00302147
158 -0.780293 0.0030482
159 -0.780862 0.00269955
160 -0.780108 0.00263592
161 -0.780364 0.00276787
162 -0.780553 0.00268668
163 -0.778546 0.00286627
164 -0.777104 0.00304953
165 -0.774458 0.00229198
166 -0.776931 0.00272542
167 -0.777329 0.00272393
168 -0.776441 0.00317128
169 -0.774937 0.00308221
170 -0.775705 0.00348023
171 -0.776188 0.00286313
172 -0.775809 0.00226563
173 -0.774218 0.0024419
174 -0.773495 0.00256207
175 -0.773757 0.00250482
176 -0.77681 0.00321744
177 -0.775767 0.00349064
178 -0.776733 0.00285155
179 -0.779879 0.00266805
180 -0.784079 0.00217053
181 -0.783272 0.00220396
182 -0.783185 0.00251112
183 -0.782913 0.00329302
184 -0.780144 0.00328386
185 -0.782041 0.0029113
186 -0.780574 0.00266878
187 -0.776409 0.00263841
188 -0.780461 0.00242203
189 -0.778829 0.00200593
190 -0.778532 0.00198586
191 -0.778676 0.00175836
192 -0.777472 0.00227384
193 -0.779704 0.00230952
194 -0.782402 0.00246927
195 -0.779782 0.00221596
196 -0.778698 0.00207541
197 -0.778076 0.00253978
198 -0.777593 0.00285796
199 -0.778804 0.00264669
200 -0.77647 0.00280573
201 -0.776217 0.00238592
202 -0.77517 0.00261348
203 -0.775691 0.00282851
204 -0.774353 0.00241841
205 -0.774735 0.00264745
206 -0.778293 0.00207272
207 -0.776041 0.00245828
208 -0.77601 0.00273339
209 -0.775655 0.00294446
210 -0.776015 0.0027705
211 -0.778189 0.0027749
212 -0.778367 0.00270277
213 -0.776819 0.00268142
214 -0.778084 0.00268148
215 -0.776254 0.00290381
216 -0.778808 0.0027392
217 -0.778981 0.00292326
218 -0.776842 0.00335755
219 -0.777509 0.00305094
220 -0.779279 0.00268394
221 -0.779251 0.00274685
222 -0.778382 0.00352712
223 -0.77807 0.00386368
224 -0.778348 0.00370003
225 -0.778581 0.00364003
226 -0.781814 0.00309984
227 -0.779013 0.00334583
228 -0.774466 0.00308972
229 -0.773984 0.00319488
230 -0.776073 0.00323307
231 -0.77699 0.00311646
232 -0.77653 0.00300328
233 -0.778161 0.00305008
234 -0.778278 0.00273775
235 -0.779302 0.00311956
236 -0.780768 0.00286025
237 -0.779474 0.00279572
238 -0.779131 0.00235327
239 -0.778337 0.00216869
240 -0.778393 0.00299769
241 -0.776778 0.00302477
242 -0.778621 0.002992
243 -0.777788 0.00274721
244 -0.778751 0.00218381
245 -0.778855 0.00237905
246 -0.778204 0.00224212
247 -0.778822 0.00236117
248 -0.778479 0.00264299
249 -0.78032 0.00326017
250 -0.78009 0.0031726
251 -0.78209 0.00349392
252 -0.782592 0.00394014
253 -0.78234 0.00390592
254 -0.78065 0.00394843
255 -0.782602 0.00377887
256 -0.781026 0.00337932
257 -0.78233 0.00334803
258 -0.78023 0.00337223
259 -0.777374 0.00332488
260 -0.777271 0.00343853
261 -0.779098 0.00314071
262 -0.779616 0.0029527
263 -0.782168 0.00307556
264 -0.785774 0.00253061
265 -0.78469 0.00265143
266 -0.784508 0.00260126
267 -0.786574 0.00285581
268 -0.784678 0.00310654
269 -0.787164 0.00329647
270 -0.787945 0.00356128
271 -0.785541 0.00267188
272 -0.784578 0.0032222
273 -0.784372 0.00326365
274 -0.784678 0.00327966
275 -0.786214 0.00326895
276 -0.784993 0.00347295
277 -0.785001 0.00292515
278 -0.784222 0.00332743
279 -0.782918 0.00326016
280 -0.782694 0.00361042
281 -0.784666 0.00395603
282 -0.7877 0.00391974
283 -0.787631 0.00350238
284 -0.789116 0.00366326
285 -0.787334 0.00333375
286 -0.784598 0.00333156
287 -0.783264 0.00357928
288 -0.782206 0.00378134
289 -0.783288 0.00437305
290 -0.781241 0.003721
291 -0.78215 0.00375579
292 -0.784649 0.00385449
293 -0.785203 0.00367711
294 -0.787395 0.00323289
295 -0.784278 0.00405993
296 -0.785241 0.00378165
297 -0.784008 0.00334101
298 -0.782717 0.00387408
299 -0.782276 0.00406521
