0 0.322612 0.0039008
1 -0.788756 0.355034
2 -0.0069558 0.468222
3 0.374117 0.516893
4 0.315873 0.422789
5 -0.113284 0.603247
6 -0.0580306 0.391872
7 0.0880634 0.335129
8 -0.0185064 0.368111
9 -0.20794 0.364404
10 1.17718 0.515187
11 1.19067 0.435676
12 0.708915 0.399595
13 0.36345 0.472627
14 0.346858 0.389578
15 0.462805 0.391538
16 0.869464 0.292359
17 -0.0164934 0.337447
18 -0.0103365 0.381593
19 -0.671168 0.422066
20 0.325972 0.412528
21 0.541167 0.375175
22 0.711762 0.514222
23 0.428249 0.274512
24 0.232455 0.43466
25 -0.246279 0.395029
26 0.848462 0.487483
27 -0.158713 0.494878
28 0.548961 0.410429
29 0.396683 0.434906
30 -0.751274 0.404632
31 0.538547 0.409923
32 0.487658 0.309513
33 0.324132 0.527292
34 0.444092 0.334422
35 -0.36263 0.335903
36 0.182203 0.541883
37 -0.45217 0.467698
38 0.744177 0.482891
39 0.0565116 0.391472
40 -0.0269758 0.311696
41 0.0968128 0.416937
42 0.539996 0.395185
43 0.326522 0.430234
44 -0.203467 0.377657
45 0.165291 0.365673
46 0.0987068 0.488614
47 1.38552 0.295364
48 -0.206587 0.376942
49 0.303004 0.399412
50 0.677926 0.356693
51 -0.0596469 0.372455
52 -0.230906 0.385856
53 0.187452 0.369115
54 -0.0686397 0.434971
55 1.10449 0.438474
56 -0.371385 0.449781
57 -0.0363708 0.415298
58 0.858268 0.376761
59 -0.241899 0.382958
60 0.132805 0.418659
61 0.0449046 0.43532
62 -0.0112765 0.43757
63 0.221323 0.427368
64 0.0595356 0.42917
65 0.264004 0.483789
66 0.179518 0.46286
67 -0.17039 0.513226
68 0.410652 0.38458
69 -0.0829778 0.325835
70 0.538378 0.414821
71 -0.0695825 0.417275
72 0.378329 0.537032
73 0.204422 0.50475
74 0.776038 0.489097
75 0.224124 0.469197
76 0.553075 0.419976
77 0.364442 0.443493
78 0.374737 0.272678
79 0.310343 0.385932
80 1.72108 0.494457
81 0.0216525 0.323891
82 0.571098 0.456241
83 0.198279 0.363975
84 0.69899 0.315039
85 0.170145 0.55754
86 0.687322 0.309623
87 0.666627 0.409037
88 0.652791 0.576909
89 0.636499 0.378803
90 0.128447 0.423068
91 0.1537 0.360245
92 0.617061 0.35779
93 -0.0384006 0.393237
94 0.0694942 0.357254
95 0.619898 0.358329
96 0.704914 0.437304
97 0.502647 0.295409
98 -0.0707741 0.32838
99 0.0164345 0.419095
100 0.434959 0.388399
101 -0.523749 0.372881
102 0.969075 0.337096
103 0.225276 0.348228
104 0.351052 0.540314
105 0.318722 0.435698
106 0.542007 0.366874
107 0.423426 0.382782
108 0.076874 0.481548
109 0.182724 0.44421
110 0.36848 0.433404
111 0.392395 0.374417
112 -0.295967 0.35801
113 0.950804 0.442707
114 0.403853 0.471232
115 0.0264064 0.46555
116 1.06735 0.39188
117 0.386804 0.435857
118 -0.496449 0.431476
119 0.520276 0.275593
120 0.602964 0.342466
121 -0.0290067 0.342199
122 0.0587221 0.347068
123 -0.00438287 0.316789
124 0.0967435 0.291711
125 -0.320373 0.414493
126 0.284385 0.377129
127 0.237952 0.3896
128 0.173015 0.396595
129 0.10602 0.344963
130 -0.0651065 0.387099
131 -0.0527777 0.386975
132 0.616445 0.437272
133 -0.2308 0.48273
134 0.304659 0.474932
135 -0.308916 0.346598
136 1.00011 0.396604
137 -0.0962114 0.41239
138 0.791645 0.38361
139 0.395165 0.382814
140 -0.246212 0.333122
141 0.702813 0.233495
142 0.0776487 0.407745
143 0.491338 0.373143
144 0.352746 0.430578
145 -0.117652 0.365641
146 0.231248 0.408721
147 0.0333346 0.487044
148 0.187608 0.381751
149 0.353785 0.357776
150 0.423893 0.417647
151 0.396498 0.406155
152 0.312185 0.364911
153 0.575161 0.50252
154 1.19538 0.384864
155 0.320687 0.351763
156 -0.172037 0.457453
157 0.763244 0.380036
158 -0.248135 0.392143
159 0.814228 0.392783
160 0.380958 0.581042
161 0.436135 0.288502
162 0.247475 0.290907
163 0.0438839 0.484116
164 -0.070676 0.463305
165 0.0745858 0.360989
166 -0.59272 0.337846
167 -0.281021 0.421809
168 -0.182288 0.342846
169 0.255966 0.334387
170 0.361602 0.396062
171 0.626782 0.350719
172 0.276663 0.368531
173 0.625894 0.46622
174 0.531976 0.377458
175 -0.157533 0.419149
176 1.03488 0.278313
177 0.415191 0.349178
178 0.286954 0.333645
179 -0.0518935 0.290438
180 0.363029 0.406469
181 0.589805 0.448684
182 0.399834 0.395908
183 -0.404179 0.403958
184 -1.08239 0.398905
185 0.250985 0.439065
186 -0.0344138 0.268732
187 -0.0632822 0.35037
188 0.329942 0.464991
189 0.233969 0.469876
190 0.226167 0.360085
191 0.392954 0.36428
192 -0.219913 0.317036
193 0.723997 0.40959
194 0.642121 0.410754
195 0.777189 0.358183
196 -0.02719 0.363687
197 0.184199 0.405294
198 0.670759 0.366347
199 -0.04219 0.387933
200 0.253276 0.301642
201 0.0818891 0.390811
202 -0.269014 0.385602
203 0.419008 0.321711
204 -0.0462823 0.369694
205 0.690319 0.470447
206 0.689784 0.372605
207 -0.0264888 0.397406
208 0.294109 0.369525
209 0.533713 0.446106
210 0.189623 0.393797
211 0.442472 0.352861
212 0.139208 0.43741
213 0.0678905 0.333846
214 -0.0301213 0.480374
215 1.0502 0.356284
216 -0.181042 0.290957
217 -0.502074 0.417558
218 1.22667 0.331927
219 0.330428 0.450679
220 0.255333 0.405235
221 0.839913 0.390637
222 0.15094 0.474319
223 0.650745 0.373974
224 -0.243565 0.480825
225 1.05455 0.530326
226 0.135567 0.342006
227 -0.322031 0.466676
228 0.317247 0.547192
229 0.20371 0.571314
230 0.948093 0.484635
231 0.658082 0.532846
232 0.28253 0.38444
233 0.363711 0.44759
234 -0.0420474 0.552728
235 0.95561 0.433578
236 1.0348 0.537735
237 0.0177851 0.397821
238 0.909548 0.502259
239 -0.089053 0.300271
240 0.124079 0.426472
241 0.845001 0.460644
242 -0.0742521 0.401691
243 0.250744 0.422025
244 -0.103658 0.36631
245 -0.00908826 0.456593
246 0.154821 0.452753
247 0.6854 0.408911
248 0.378419 0.395409
249 0.0107998 0.43765
250 0.978277 0.337649
251 0.581642 0.306824
252 0.374537 0.362544
253 1.28261 0.404338
254 0.431129 0.446372
255 0.255607 0.377125
256 0.00115671 0.343126
257 0.281425 0.446834
258 -0.161866 0.270971
259 0.0383633 0.302324
260 0.401012 0.380611
261 0.128549 0.445585
262 0.444872 0.35928
263 -0.0187037 0.417717
264 0.887355 0.402864
265 0.206014 0.468894
266 0.806688 0.474564
267 0.742336 0.563935
268 1.01175 0.329135
269 -0.124395 0.373897
270 0.600362 0.38214
271 0.151633 0.400447
272 1.03992 0.363587
273 0.231467 0.435668
274 0.648494 0.435695
275 -0.290986 0.394134
276 -0.365474 0.262111
277 -0.185557 0.391996
278 0.244612 0.388684
279 0.801179 0.513619
280 0.280978 0.53702
281 -0.031082 0.446124
282 0.0458413 0.402101
283 0.126568 0.292549
284 0.571773 0.433309
285 0.0955462 0.369572
286 -0.39617 0.536144
287 0.168091 0.520666
288 0.976602 0.40389
289 0.646721 0.475836
290 -0.508789 0.351419
291 0.671196 0.471482
292 0.555539 0.51316
293 0.264526 0.457484
294 -0.855796 0.381391
295 -0.386466 0.345891
296 0.78828 0.377937
297 0.225265 0.333635
298 0.479874 0.546781
299 0.318825 0.0032053
